	mass B		
t	x	y	
36.787	-3.550E-2	8.432E-2
36.803	-3.550E-2	8.430E-2
36.820	-3.550E-2	8.431E-2
36.837	-3.559E-2	8.432E-2
36.853	-3.891E-2	8.476E-2
36.870	-4.401E-2	8.521E-2
36.887	-4.933E-2	8.588E-2
36.904	-5.532E-2	8.616E-2
36.920	-6.016E-2	8.641E-2
36.937	-6.497E-2	8.660E-2
36.954	-6.908E-2	8.690E-2
36.970	-7.360E-2	8.760E-2
36.987	-7.745E-2	8.869E-2
37.004	-8.083E-2	8.966E-2
37.020	-8.261E-2	9.118E-2
37.037	-8.357E-2	9.247E-2
37.054	-8.246E-2	9.419E-2
37.070	-8.001E-2	9.660E-2
37.087	-7.630E-2	9.929E-2
37.104	-7.126E-2	0.102
37.120	-6.490E-2	0.106
37.137	-5.806E-2	0.110
37.154	-5.093E-2	0.114
37.170	-4.290E-2	0.117
37.187	-3.572E-2	0.118
37.204	-2.775E-2	0.118
37.221	-2.052E-2	0.115
37.237	-1.356E-2	0.112
37.254	-6.891E-3	0.107
37.271	-1.257E-3	0.101
37.287	2.796E-3	9.615E-2
37.304	5.577E-3	9.174E-2
37.321	6.838E-3	8.789E-2
37.337	7.107E-3	8.432E-2
37.354	6.990E-3	8.283E-2
37.371	5.639E-3	8.266E-2
37.387	3.006E-3	8.262E-2
37.404	2.730E-3	8.266E-2
37.421	2.754E-3	8.263E-2
37.437	2.652E-3	8.274E-2
37.454	2.448E-3	8.288E-2
37.471	1.977E-3	8.316E-2
37.487	3.068E-4	8.348E-2
37.504	-4.179E-3	8.384E-2
37.521	-8.695E-3	8.430E-2
37.538	-1.344E-2	8.450E-2
37.554	-1.732E-2	8.456E-2
37.571	-2.074E-2	8.492E-2
37.588	-2.377E-2	8.537E-2
37.604	-2.678E-2	8.655E-2
37.621	-2.926E-2	8.794E-2
37.638	-3.113E-2	8.984E-2
37.654	-3.178E-2	9.173E-2
37.671	-3.119E-2	9.372E-2
37.688	-2.882E-2	9.579E-2
37.704	-2.559E-2	9.818E-2
37.721	-2.148E-2	0.101
37.738	-1.639E-2	0.103
37.754	-1.014E-2	0.106
37.771	-3.008E-3	0.109
37.788	4.340E-3	0.111
37.804	1.174E-2	0.113
37.821	1.918E-2	0.115
37.838	2.675E-2	0.115
37.854	3.465E-2	0.115
37.871	4.295E-2	0.113
37.888	5.107E-2	0.110
37.905	5.901E-2	0.105
37.921	6.624E-2	9.861E-2
37.938	7.222E-2	9.229E-2
37.955	7.655E-2	8.581E-2
37.971	7.925E-2	8.243E-2
37.988	7.909E-2	8.241E-2
38.005	8.018E-2	8.179E-2
38.021	8.022E-2	8.172E-2
38.038	8.010E-2	8.155E-2
38.055	7.939E-2	8.163E-2
38.071	7.909E-2	8.166E-2
38.088	7.903E-2	8.176E-2
38.105	7.860E-2	8.242E-2
38.121	7.782E-2	8.316E-2
38.138	7.717E-2	8.428E-2
38.155	7.540E-2	8.431E-2
38.171	7.352E-2	8.399E-2
38.188	7.165E-2	8.408E-2
38.205	6.974E-2	8.407E-2
38.222	6.744E-2	8.429E-2
38.238	6.417E-2	8.426E-2
38.255	6.192E-2	8.443E-2
38.272	5.849E-2	8.501E-2
38.288	5.530E-2	8.525E-2
38.305	5.330E-2	8.593E-2
38.322	5.221E-2	8.687E-2
38.338	5.288E-2	8.781E-2
38.355	5.485E-2	8.906E-2
38.372	5.777E-2	9.052E-2
38.388	6.142E-2	9.246E-2
38.405	6.618E-2	9.494E-2
38.422	7.197E-2	9.748E-2
38.438	7.863E-2	0.100
38.455	8.559E-2	0.103
38.472	9.266E-2	0.106
38.488	0.100	0.107
38.505	0.107	0.108
38.522	0.115	0.107
38.538	0.123	0.105
38.555	0.130	0.101
38.572	0.137	9.495E-2
38.589	0.143	8.848E-2
38.605	0.148	8.307E-2
38.622	0.149	8.267E-2
38.639	0.150	8.220E-2
38.655	0.151	8.215E-2
38.672	0.151	8.219E-2
38.689	0.150	8.187E-2
38.705	0.150	8.175E-2
38.722	0.150	8.170E-2
38.739	0.151	8.178E-2
38.755	0.150	8.230E-2
38.772	0.150	8.357E-2
38.789	0.150	8.527E-2
38.805	0.151	8.638E-2
38.822	0.149	8.605E-2
38.839	0.147	8.518E-2
38.855	0.146	8.458E-2
38.872	0.144	8.467E-2
38.889	0.140	8.525E-2
38.906	0.138	8.519E-2
38.922	0.133	8.505E-2
38.939	0.130	8.564E-2
38.956	0.126	8.620E-2
38.972	0.124	8.684E-2
38.989	0.123	8.788E-2
39.006	0.123	8.884E-2
39.022	0.124	9.027E-2
39.039	0.127	9.152E-2
39.056	0.131	9.292E-2
39.072	0.137	9.420E-2
39.089	0.143	9.571E-2
39.106	0.149	9.750E-2
39.122	0.156	9.962E-2
39.139	0.163	0.103
39.156	0.171	0.106
39.172	0.179	0.109
39.189	0.187	0.109
39.206	0.196	0.108
39.223	0.204	0.105
39.239	0.211	0.102
39.256	0.219	9.628E-2
39.273	0.226	9.065E-2
39.289	0.231	8.524E-2
39.306	0.234	8.339E-2
39.323	0.234	8.339E-2
39.339	0.236	8.309E-2
39.356	0.237	8.301E-2
39.373	0.237	8.314E-2
39.389	0.237	8.355E-2
39.406	0.237	8.431E-2
39.423	0.236	8.503E-2
39.439	0.236	8.597E-2
39.456	0.235	8.600E-2
39.473	0.234	8.519E-2
39.489	0.233	8.509E-2
39.506	0.233	8.500E-2
39.523	0.233	8.507E-2
39.539	0.232	8.534E-2
39.556	0.228	8.585E-2
39.573	0.223	8.619E-2
39.590	0.219	8.680E-2
39.606	0.215	8.789E-2
39.623	0.213	8.944E-2
39.640	0.211	9.148E-2
39.656	0.211	9.371E-2
39.673	0.211	9.593E-2
39.690	0.213	9.872E-2
39.706	0.216	0.102
39.723	0.220	0.105
39.740	0.225	0.109
39.756	0.231	0.113
39.773	0.237	0.116
39.790	0.244	0.120
39.806	0.251	0.123
39.823	0.258	0.126
39.840	0.266	0.128
39.856	0.273	0.128
39.873	0.281	0.127
39.890	0.289	0.124
39.907	0.296	0.119
39.923	0.303	0.113
39.940	0.309	0.107
39.957	0.313	0.101
39.973	0.316	9.533E-2
39.990	0.317	8.979E-2
40.007	0.317	8.502E-2
40.023	0.317	8.471E-2
40.040	0.316	8.482E-2
40.057	0.316	8.498E-2
40.073	0.315	8.533E-2
40.090	0.315	8.518E-2
40.107	0.314	8.529E-2
40.123	0.314	8.542E-2
40.140	0.314	8.571E-2
40.157	0.313	8.603E-2
40.173	0.310	8.611E-2
40.190	0.306	8.617E-2
40.207	0.303	8.669E-2
40.224	0.299	8.694E-2
40.240	0.296	8.707E-2
40.257	0.293	8.733E-2
40.274	0.290	8.788E-2
40.290	0.287	8.869E-2
40.307	0.285	8.985E-2
40.324	0.285	9.135E-2
40.340	0.286	9.302E-2
40.357	0.288	9.482E-2
40.374	0.293	9.660E-2
40.390	0.298	9.822E-2
40.407	0.304	0.100
40.424	0.310	0.102
40.440	0.317	0.105
40.457	0.324	0.107
40.474	0.331	0.110
40.490	0.339	0.113
40.507	0.348	0.115
40.524	0.357	0.116
40.541	0.366	0.115
40.557	0.374	0.112
40.574	0.382	0.108
40.591	0.390	0.103
40.607	0.397	9.686E-2
40.624	0.402	9.056E-2
40.641	0.406	8.610E-2
40.657	0.406	8.563E-2
40.674	0.408	8.537E-2
40.691	0.412	8.519E-2
40.707	0.412	8.516E-2
40.724	0.412	8.527E-2
40.741	0.411	8.585E-2
40.757	0.411	8.666E-2
40.774	0.410	8.771E-2
40.791	0.410	8.938E-2
40.807	0.409	9.029E-2
40.824	0.407	9.048E-2
40.841	0.405	8.979E-2
40.857	0.402	8.858E-2
40.874	0.398	8.712E-2
40.891	0.395	8.670E-2
40.908	0.393	8.696E-2
40.924	0.390	8.708E-2
40.941	0.387	8.738E-2
40.958	0.384	8.762E-2
40.974	0.381	8.807E-2
40.991	0.379	8.850E-2
41.008	0.379	8.924E-2
41.024	0.381	9.043E-2
41.041	0.384	9.206E-2
41.058	0.387	9.410E-2
41.074	0.392	9.734E-2
41.091	0.398	0.101
41.108	0.406	0.104
41.124	0.414	0.107
41.141	0.421	0.109
41.158	0.429	0.112
41.174	0.438	0.113
41.191	0.446	0.113
41.208	0.455	0.111
41.225	0.463	0.107
41.241	0.471	0.102
41.258	0.478	9.570E-2
41.275	0.484	8.874E-2
41.291	0.488	8.559E-2
41.308	0.488	8.544E-2
41.325	0.493	8.501E-2
41.341	0.495	8.517E-2
41.358	0.495	8.502E-2
41.375	0.495	8.510E-2
41.391	0.495	8.575E-2
41.408	0.496	8.688E-2
41.425	0.497	8.940E-2
41.441	0.495	9.139E-2
41.458	0.494	9.217E-2
41.475	0.493	9.207E-2
41.491	0.491	9.126E-2
41.508	0.487	8.965E-2
41.525	0.483	8.772E-2
41.541	0.480	8.736E-2
41.558	0.477	8.766E-2
41.575	0.473	8.792E-2
41.592	0.469	8.793E-2
41.608	0.464	8.821E-2
41.625	0.460	8.819E-2
41.642	0.457	8.832E-2
41.658	0.454	8.892E-2
41.675	0.454	8.968E-2
41.692	0.456	9.043E-2
41.708	0.459	9.086E-2
41.725	0.463	9.122E-2
41.742	0.469	9.162E-2
41.758	0.475	9.261E-2
41.775	0.481	9.418E-2
41.792	0.488	9.795E-2
41.808	0.496	0.102
41.825	0.507	0.106
41.842	0.518	0.109
41.858	0.527	0.110
41.875	0.536	0.109
41.892	0.546	0.107
41.909	0.556	0.103
41.925	0.565	9.831E-2
41.942	0.573	9.232E-2
41.959	0.579	8.656E-2
41.975	0.583	8.450E-2
41.992	0.583	8.427E-2
42.009	0.589	8.428E-2
42.025	0.593	8.440E-2
42.042	0.593	8.434E-2
42.059	0.592	8.454E-2
42.075	0.591	8.515E-2
42.092	0.590	8.606E-2
42.109	0.589	8.772E-2
42.125	0.587	8.888E-2
42.142	0.585	8.876E-2
42.159	0.583	8.787E-2
42.175	0.579	8.614E-2
42.192	0.577	8.521E-2
42.209	0.574	8.540E-2
42.226	0.571	8.571E-2
42.242	0.569	8.550E-2
42.259	0.565	8.559E-2
42.276	0.560	8.566E-2
42.292	0.555	8.613E-2
42.309	0.551	8.658E-2
42.326	0.549	8.748E-2
42.342	0.548	8.868E-2
42.359	0.549	8.995E-2
42.376	0.552	9.163E-2
42.392	0.556	9.398E-2
42.409	0.560	9.661E-2
42.426	0.566	9.941E-2
42.442	0.575	0.103
42.459	0.584	0.106
42.476	0.593	0.109
42.492	0.603	0.112
42.509	0.612	0.113
42.526	0.623	0.113
42.542	0.633	0.112
42.559	0.644	0.108
42.576	0.653	0.103
42.593	0.662	9.584E-2
42.609	0.670	8.838E-2
42.626	0.676	8.327E-2
42.643	0.677	8.277E-2
42.659	0.681	8.228E-2
42.676	0.681	8.229E-2
42.693	0.681	8.228E-2
42.709	0.681	8.233E-2
42.726	0.681	8.254E-2
42.743		
42.759	0.688	8.432E-2
42.776	0.688	8.785E-2
42.793	0.685	8.969E-2
42.809	0.685	9.042E-2
42.826	0.683	9.029E-2
42.843	0.679	8.890E-2
42.859	0.674	8.686E-2
42.876	0.668	8.483E-2
42.893	0.663	8.348E-2
42.910	0.659	8.361E-2
42.926	0.654	8.421E-2
42.943	0.650	8.430E-2
42.960	0.645	8.481E-2
42.976	0.640	8.512E-2
42.993	0.636	8.561E-2
43.010	0.635	8.634E-2
43.026	0.636	8.733E-2
43.043	0.640	8.842E-2
43.060	0.645	8.985E-2
43.076	0.651	9.119E-2
43.093	0.658	9.269E-2
43.110	0.667	9.459E-2
43.126	0.677	9.702E-2
43.143	0.688	0.100
43.160	0.698	0.104
43.176	0.711	0.107
43.193	0.723	0.108
43.210	0.736	0.107
43.227	0.749	0.104
43.243	0.760	9.999E-2
43.260	0.771	9.479E-2
43.277	0.782	8.760E-2
43.293	0.789	8.114E-2
43.310	0.792	8.054E-2
43.327	0.795	8.050E-2
43.343	0.798	7.984E-2
43.360	0.798	7.977E-2
43.377	0.797	7.953E-2
43.393	0.796	7.965E-2
43.410	0.796	7.967E-2
43.427	0.795	7.976E-2
43.443	0.795	8.236E-2
43.460	0.799	8.663E-2
43.477	0.800	9.134E-2
43.493	0.800	9.396E-2
43.510	0.799	9.481E-2
43.527	0.797	9.546E-2
43.544	0.792	9.501E-2
43.560	0.785	9.315E-2
43.577	0.778	9.119E-2
43.594	0.772	8.931E-2
43.610	0.766	8.842E-2
43.627	0.760	8.788E-2
43.644	0.755	8.778E-2
43.660	0.752	8.825E-2
43.677	0.751	8.913E-2
43.694	0.752	9.012E-2
43.710	0.755	9.122E-2
43.727	0.760	9.268E-2
43.744	0.767	9.451E-2
43.760	0.774	9.645E-2
43.777	0.784	9.917E-2
43.794	0.796	0.102
43.810	0.809	0.105
43.827	0.822	0.108
43.844	0.837	0.110
43.860	0.851	0.111
