	mass D						
t	x	y	vx	vy	ax	ay	
0.000000E0	1.813187E-1	-1.549746E-1				
1.668333E-2						
3.336667E-2						
5.005000E-2						
6.673333E-2						
8.341667E-2						
1.001000E-1						
1.167833E-1						
1.334667E-1						
1.501500E-1						
1.668333E-1						
1.835167E-1						
2.002000E-1						
2.168833E-1						
2.335667E-1						
2.502500E-1						
2.669333E-1	1.967968E-1	-1.341619E-1				
2.836167E-1	1.997835E-1	-1.310199E-1	1.685529E-1	1.831768E-1		
3.003000E-1	2.024208E-1	-1.280499E-1	1.866158E-1	1.646140E-1	7.679421E-1	-1.446853E0
3.169833E-1	2.060102E-1	-1.255273E-1	2.052407E-1	1.342299E-1	-5.609522E-2	-1.675288E0
3.336667E-1	2.092690E-1	-1.235711E-1	1.800234E-1	1.072154E-1	-5.309890E-2	-1.802664E0
3.503500E-1	2.120170E-1	-1.219499E-1	1.960365E-1	7.657957E-2	1.217312E0	-2.076150E0
3.670333E-1	2.158101E-1	-1.210159E-1	2.312244E-1	3.630256E-2	1.875986E0	-2.322471E0
3.837167E-1	2.197322E-1	-1.207386E-1	2.527408E-1	-1.067535E-3	3.470989E-1	-2.213043E0
4.004000E-1	2.242432E-1	-1.210515E-1	2.501830E-1	-3.715348E-2	-3.025547E-1	-2.360496E0
4.170833E-1	2.280800E-1	-1.219783E-1	2.338037E-1	-7.918274E-2	-8.255402E-1	-1.958771E0
4.337667E-1	2.320445E-1	-1.236936E-1	2.279948E-1	-1.061575E-1	-1.155572E0	-1.383891E0
4.504500E-1	2.356874E-1	-1.255204E-1	1.952473E-1	-1.212579E-1	-2.512548E0	-6.744077E-1
4.671333E-1	2.385592E-1	-1.277396E-1	1.430837E-1	-1.317263E-1	-3.127607E0	-8.592264E-1
4.838167E-1	2.404616E-1	-1.299157E-1	8.940760E-2	-1.456990E-1	-2.674581E0	-3.476747E-1
5.005000E-1	2.415424E-1	-1.326010E-1	5.268564E-2	-1.495080E-1	-2.016148E0	-2.087173E-1
5.171833E-1	2.422196E-1	-1.349043E-1	2.449495E-2	-1.460661E-1	-1.585715E0	-5.625334E-1
5.338667E-1	2.423598E-1	-1.374748E-1	-1.656447E-3	-1.699373E-1	-1.929812E0	-1.314374E0
5.505500E-1	2.421643E-1	-1.405745E-1	-3.687741E-2	-1.923703E-1	-2.245751E0	-1.781746E0
5.672333E-1	2.411293E-1	-1.438935E-1	-7.980362E-2	-2.252434E-1	-1.778857E0	-2.387217E0
5.839167E-1	2.395015E-1	-1.480901E-1	-9.769513E-2	-2.752171E-1	-2.046849E-1	-9.123309E-1
6.006000E-1	2.378695E-1	-1.530766E-1	-8.584281E-2	-2.637165E-1	-1.606284E-2	4.570321E0
6.172833E-1	2.366372E-1	-1.568895E-1	-9.217469E-2	-1.241956E-1	-7.637720E-1	6.277236E0
6.339667E-1	2.347940E-1	-1.572206E-1	-1.172971E-1	-2.827405E-2	2.111731E0	3.809638E0
6.506500E-1	2.327234E-1	-1.578329E-1	-3.392680E-2	-1.718262E-2	3.466665E0	7.555154E-1
6.673333E-1	2.336619E-1	-1.577939E-1	2.900607E-2	3.542097E-3	1.458940E0	7.038214E-1
6.840167E-1	2.336912E-1	-1.577147E-1	-4.956403E-3	3.970141E-3	-1.229516E0	-1.494827E-2
7.007000E-1	2.334966E-1	-1.576615E-1	-1.024732E-2	2.715581E-3	3.495970E-2	-4.947725E-2
7.173833E-1	2.333493E-1	-1.576241E-1	-3.224532E-3	2.288420E-3	4.169840E-1	7.343999E-2
7.340667E-1	2.333890E-1	-1.575851E-1	4.727076E-3	4.883334E-3	4.209820E-2	1.817063E-1
7.507500E-1	2.335071E-1	-1.574611E-1	-8.198373E-4	8.867332E-3	-1.461524E0	3.218975E-1
7.674333E-1	2.333616E-1	-1.572892E-1	-4.189241E-2	1.499955E-2	-4.288036E0	3.337305E-1
7.841167E-1	2.321092E-1	-1.569607E-1	-1.425999E-1	2.095883E-2	-3.588160E0	1.041438E-1
8.008000E-1	2.286035E-1	-1.565899E-1	-1.804182E-1	1.867180E-2	1.410736E-1	-4.641927E-1
8.174833E-1	2.260893E-1	-1.563376E-1	-1.236238E-1	5.631142E-3	3.491159E0	-5.973341E-1
8.341667E-1	2.244786E-1	-1.564020E-1	-6.495102E-2	-3.513000E-3	2.523235E0	-1.454122E-1
8.508500E-1	2.239221E-1	-1.564549E-1	-3.415938E-2	1.558774E-3	1.453696E0	1.838484E-1
8.675333E-1	2.233388E-1	-1.563500E-1	-2.290981E-2	4.217431E-3	2.344366E-1	4.254039E-2
8.842167E-1	2.231577E-1	-1.563141E-1	-2.128938E-2	1.767279E-3	-4.507591E-1	-1.759976E-1
9.009000E-1	2.226285E-1	-1.562910E-1	-4.128531E-2	-1.112546E-3	-4.013577E-1	-8.550380E-2
9.175833E-1	2.217801E-1	-1.563513E-1	-3.779010E-2	-1.977409E-3	2.988278E-1	2.199411E-2
9.342667E-1	2.213675E-1	-1.563570E-1	-2.603043E-2	3.454924E-4	2.606542E-1	1.918631E-1
9.509500E-1	2.209116E-1	-1.563397E-1	-3.083060E-2	3.969744E-3	3.293380E-1	3.453489E-2
9.676333E-1	2.203388E-1	-1.562246E-1	-1.816470E-2	2.820345E-3	8.807103E-1	1.805530E-1
9.843167E-1	2.203055E-1	-1.562456E-1	2.964991E-3	7.199861E-3	8.192729E-1	4.469182E-1
1.001000E0	2.204378E-1	-1.559843E-1	8.236982E-3	2.009953E-2	3.750462E-1	6.120948E-1
1.017683E0	2.205803E-1	-1.555750E-1	1.406845E-2	2.728928E-2	4.565645E-1	3.831249E-1
1.034367E0	2.209072E-1	-1.550738E-1	2.432882E-2	3.266125E-2	1.190774E0	2.628754E-1
1.051050E0	2.213921E-1	-1.544852E-1	5.120220E-2	3.627406E-2	1.259619E0	4.186471E-1
1.067733E0	2.226156E-1	-1.538634E-1	7.217301E-2	4.538050E-2	9.061212E-1	1.006177E0
1.084417E0	2.238003E-1	-1.529710E-1	7.707401E-2	6.970696E-2	5.196346E-1	1.108901E0
1.101100E0	2.251873E-1	-1.515375E-1	9.037783E-2	8.586227E-2	1.151193E0	9.861833E-1
1.117783E0	2.268159E-1	-1.501060E-1	1.143023E-1	9.847056E-2	1.870428E0	2.114379E-1
1.134467E0	2.290012E-1	-1.482519E-1	1.533305E-1	9.836837E-2	1.479862E0	1.422968E-1
1.151150E0	2.319320E-1	-1.468238E-1	1.686782E-1	9.624095E-2	5.399883E-1	3.449795E-1
1.167833E0	2.346294E-1	-1.450407E-1	1.655996E-1	1.137607E-1	2.318179E-1	1.010898E0
1.184517E0	2.374575E-1	-1.430280E-1	1.774033E-1	1.291945E-1	5.358323E-1	5.289134E-1
1.201200E0	2.405488E-1	-1.407299E-1	1.851886E-1	1.334801E-1	-4.993451E-2	2.448424E-1
1.217883E0	2.436366E-1	-1.385742E-1	1.758932E-1	1.342083E-1	1.721684E-1	1.457224E-1
1.234567E0	2.464178E-1	-1.362518E-1	1.856197E-1	1.402333E-1	7.548184E-1	4.732642E-2
1.251250E0	2.498301E-1	-1.338951E-1	2.073895E-1	1.361039E-1	8.762618E-1	-5.075637E-1
1.267933E0	2.533377E-1	-1.317105E-1	2.126291E-1	1.228360E-1	2.315698E-1	-6.247529E-1
1.284617E0	2.569249E-1	-1.297965E-1	2.153440E-1	1.138083E-1	2.615549E-1	-8.260398E-1
1.301300E0	2.605230E-1	-1.279131E-1	2.204292E-1	9.826064E-2	1.943524E-2	-1.415694E0
1.317983E0	2.642798E-1	-1.265178E-1	2.182902E-1	6.516051E-2	-4.861554E-1	-1.779327E0
1.334667E0	2.678066E-1	-1.257389E-1	2.027872E-1	3.707705E-2	-2.636756E-1	-1.970248E0
1.351350E0	2.710462E-1	-1.252807E-1	2.062888E-1	2.830412E-3	1.587314E-1	-2.283916E0
1.368033E0	2.746898E-1	-1.256444E-1	2.134755E-1	-4.192004E-2	4.899381E-1	-2.633531E0
1.384717E0	2.781691E-1	-1.266794E-1	2.181323E-1	-8.411670E-2	-4.064926E-1	-2.468348E0
1.401400E0	2.819681E-1	-1.284511E-1	2.063966E-1	-1.250249E-1	-4.230961E-1	-2.486139E0
1.418083E0	2.850559E-1	-1.308511E-1	1.951228E-1	-1.661163E-1	-1.761511E-1	-2.552198E0
1.434767E0	2.884787E-1	-1.339939E-1	2.062737E-1	-2.106694E-1	-5.180184E-1	-2.597402E0
1.451450E0	2.919386E-1	-1.378804E-1	1.805543E-1	-2.530952E-1	-1.850596E0	-1.764102E0
1.468133E0	2.945032E-1	-1.424388E-1	1.388288E-1	-2.722412E-1	-2.550512E0	-1.004703E0
1.484817E0	2.965708E-1	-1.469642E-1	9.864243E-2	-2.819340E-1	-2.237461E0	1.317709E0
1.501500E0	2.977946E-1	-1.518460E-1	6.085863E-2	-2.391103E-1	-3.073795E0	4.988642E0
1.518183E0	2.986015E-1	-1.549425E-1	2.654118E-3	-1.095339E-1	-3.448082E0	6.302293E0
1.534867E0	2.978831E-1	-1.555008E-1	-6.266695E-2	-1.707396E-2	-1.011707E0	3.407287E0
1.551550E0	2.965105E-1	-1.555122E-1	-3.668809E-2	-1.860963E-3	9.148417E-1	4.449753E-1
1.568233E0	2.966590E-1	-1.555629E-1	-1.316338E-2	-4.670345E-3	-1.497960E0	-1.571940E-2
1.584917E0	2.960713E-1	-1.556681E-1	-9.145394E-2	-3.136783E-3	-7.931219E0	6.126291E-1
1.601600E0	2.936075E-1	-1.556675E-1	-2.728355E-1	1.479953E-2	-8.503755E0	2.055088E0
1.618283E0	2.869677E-1	-1.551742E-1	-4.023053E-1	6.424771E-2	-2.007703E0	1.087895E0
1.634967E0	2.801839E-1	-1.535238E-1	-3.336098E-1	6.390111E-2	6.405011E0	-3.251514E0
1.651650E0	2.758362E-1	-1.530421E-1	-1.788002E-1	-4.819583E-2	7.797140E0	-4.310388E0
1.668333E0	2.742179E-1	-1.551320E-1	-6.506650E-2	-1.004798E-1	4.307960E0	-1.863796E-1
1.685017E0	2.736652E-1	-1.563948E-1	-3.705820E-2	-4.124376E-2	1.892010E0	2.903491E0
1.701700E0	2.729814E-1	-1.565081E-1	-1.179108E-2	1.514446E-3	1.426033E0	1.604985E0
1.718383E0	2.732717E-1	-1.563442E-1	1.917298E-2	9.769742E-3	6.437058E-1	2.027330E-1
1.735067E0	2.736211E-1	-1.561821E-1	7.887518E-3	7.406409E-3	-1.389574E0	-5.643137E-2
1.751750E0	2.735349E-1	-1.560971E-1	-2.792461E-2	6.967510E-3	-2.181516E0	2.453115E-2
1.768433E0	2.726894E-1	-1.559497E-1	-6.718193E-2	9.057838E-3	-1.410850E0	7.146143E-2
1.785117E0	2.712933E-1	-1.557949E-1	-7.736595E-2	9.163829E-3	-1.586278E-1	-7.048611E-2
1.801800E0	2.701079E-1	-1.556439E-1	-6.865481E-2	6.942990E-3	3.439454E-1	-1.575801E-1
1.818483E0	2.690025E-1	-1.555632E-1	-6.612700E-2	3.509675E-3	4.203594E-1	-1.639527E-1
1.835167E0	2.679015E-1	-1.555268E-1	-5.631534E-2	1.493070E-3	1.746606E-1	-1.146220E-1
1.851850E0	2.671234E-1	-1.555134E-1	-5.618853E-2	-1.819275E-4	3.203555E-1	-1.061300E-1
1.868533E0	2.660267E-1	-1.555328E-1	-5.173799E-2	-2.097865E-3	-2.863075E-1	7.123933E-2
1.885217E0	2.653971E-1	-1.555834E-1	-5.754655E-2	1.432378E-3	-5.167977E-1	1.032068E-1
1.901900E0	2.641065E-1	-1.554851E-1	-7.673158E-2	3.146051E-3	-3.137026E-1	-1.209283E-1
1.918583E0	2.628368E-1	-1.554784E-1	-6.639263E-2	-3.472096E-3	4.395265E-1	-1.174683E-1
1.935267E0	2.618912E-1	-1.556009E-1	-5.904249E-2	-2.218736E-3	2.986115E-1	1.397565E-1
1.951950E0	2.608668E-1	-1.555524E-1	-5.885609E-2	3.170095E-3	5.609512E-1	2.439152E-1
1.968633E0	2.599274E-1	-1.554951E-1	-4.139018E-2	5.035103E-3	1.003596E0	-2.379523E-1
1.985317E0	2.594857E-1	-1.553844E-1	-2.209720E-2	-2.977151E-3	1.660841E0	-5.630285E-1
2.002000E0	2.591901E-1	-1.555945E-1	9.287867E-3	-1.620908E-2	1.406026E0	7.096136E-2
2.018683E0	2.597956E-1	-1.559253E-1	3.245702E-2	-2.715242E-3	1.565578E0	5.766866E-1
2.035367E0	2.602731E-1	-1.556851E-1	5.307668E-2	9.184550E-3	1.995423E0	5.203088E-1
2.052050E0	2.615666E-1	-1.556188E-1	1.029444E-1	9.868715E-3	4.182071E0	-2.131874E-1
2.068733E0	2.637080E-1	-1.553558E-1	1.878802E-1	5.909341E-3	4.488894E0	-2.178921E-2
2.085417E0	2.678356E-1	-1.554216E-1	2.637648E-1	4.303899E-3	4.662173E0	7.755765E-1
2.102100E0	2.725089E-1	-1.552122E-1	3.321752E-1	3.267888E-2	1.418324E0	2.387263E0
2.118783E0	2.789191E-1	-1.543313E-1	3.312002E-1	8.406359E-2	-3.483783E0	2.719879E0
2.135467E0	2.835600E-1	-1.524073E-1	2.039495E-1	1.277188E-1	-6.144073E0	2.304430E0
2.152150E0	2.857243E-1	-1.500697E-1	1.147072E-1	1.575402E-1	-1.324517E0	2.020153E0
2.168833E0	2.873874E-1	-1.471507E-1	1.577696E-1	1.954127E-1	1.616901E0	2.624157E0
2.185517E0	2.909885E-1	-1.435494E-1	1.909547E-1	2.443770E-1	-7.296564E-1	2.526743E0
2.202200E0	2.937589E-1	-1.389966E-1	1.240186E-1	2.834428E-1	-2.925177E0	1.710425E0
2.218883E0	2.951266E-1	-1.340919E-1	8.453178E-2	2.995875E-1	-6.243257E-1	5.435168E-1
2.235567E0	2.965795E-1	-1.290004E-1	1.070674E-1	3.021104E-1	1.933539E0	-4.955383E-1
2.252250E0	2.986991E-1	-1.240115E-1	1.509743E-1	2.835821E-1	1.252323E0	-8.590893E-1
2.268933E0	3.016170E-1	-1.195382E-1	1.555922E-1	2.693022E-1	-9.940394E-2	-8.096461E-1
2.285617E0	3.038907E-1	-1.150258E-1	1.384189E-1	2.605303E-1	-3.754474E-1	-1.110044E0
2.302300E0	3.062355E-1	-1.108452E-1	1.456973E-1	2.319211E-1	1.555943E-1	-1.765000E0
2.318983E0	3.087521E-1	-1.072873E-1	1.455342E-1	1.996674E-1	-2.430573E-1	-1.960787E0
2.335667E0	3.110915E-1	-1.041829E-1	1.359469E-1	1.678797E-1	2.689272E-1	-2.160425E0
2.352350E0	3.132882E-1	-1.016857E-1	1.512462E-1	1.274928E-1	8.215655E-1	-2.880354E0
2.369033E0	3.161381E-1	-9.992892E-2	1.697223E-1	7.269114E-2	6.921658E-1	-3.178468E0
2.385717E0	3.189513E-1	-9.926028E-2	1.709035E-1	1.838814E-2	-2.179145E0	-4.907397E0
2.402400E0	3.218406E-1	-9.931537E-2	1.072421E-1	-8.142929E-2	8.354362E-1	-2.688648E0
2.419083E0	3.225296E-1	-1.019773E-1	1.623223E-1	-9.917303E-2	1.827918E0	-1.850991E0
2.435767E0	3.272568E-1	-1.026244E-1	2.211222E-1	-1.052785E-1	4.087317E-1	-1.928577E0
2.452450E0	3.299077E-1	-1.054901E-1	1.431430E-1	-1.887242E-1	-3.721134E0	-3.211554E0
2.469133E0	3.320330E-1	-1.089215E-1	1.046036E-1	-2.075206E-1	-2.495820E0	-9.925557E-1
2.485817E0	3.333980E-1	-1.124144E-1	5.888274E-2	-2.186228E-1	-2.706610E0	-4.650428E-1
2.502500E0	3.339977E-1	-1.162162E-1	1.411416E-2	-2.257289E-1	-2.354768E0	-3.420652E-1
2.519183E0	3.338689E-1	-1.199462E-1	-2.078324E-2	-2.275318E-1	-2.038129E0	-3.010038E-1
2.535867E0	3.333042E-1	-1.238082E-1	-5.192286E-2	-2.364963E-1	-2.171337E0	-8.198398E-1
2.552550E0	3.321364E-1	-1.278373E-1	-9.321490E-2	-2.539706E-1	-1.767711E0	-1.211308E0
2.569233E0	3.301939E-1	-1.322824E-1	-1.151410E-1	-2.780957E-1	-1.049525E0	-2.071113E0
2.585917E0	3.282945E-1	-1.371164E-1	-1.232113E-1	-3.202667E-1	-1.148096E-1	-2.210364E0
2.602600E0	3.260828E-1	-1.429686E-1	-1.231734E-1	-3.578863E-1	3.690907E-1	-1.513030E0
2.619283E0	3.241847E-1	-1.490579E-1	-1.077360E-1	-3.679935E-1	1.143108E0	2.357339E0
2.635967E0	3.224880E-1	-1.552473E-1	-8.678016E-2	-2.905629E-1	-1.442531E0	7.442951E0
2.652650E0	3.212891E-1	-1.587530E-1	-1.423933E-1	-1.104740E-1	-5.259584E0	7.385036E0
2.669333E0	3.177368E-1	-1.589335E-1	-2.756033E-1	-2.512248E-2	-1.304054E0	3.204615E0
2.686017E0	3.120931E-1	-1.595913E-1	-2.118060E-1	-2.406494E-2	5.646047E0	4.696176E-1
2.702700E0	3.106695E-1	-1.597364E-1	-4.752377E-2	-3.730482E-3	5.969820E0	8.211018E-1
2.719383E0	3.105074E-1	-1.597157E-1	-1.860948E-2	2.393917E-3	9.264947E-1	2.830184E-1
2.736067E0	3.100486E-1	-1.596566E-1	-2.491950E-2	5.108566E-3	-6.149759E-1	9.577453E-2
2.752750E0	3.096759E-1	-1.595453E-1	-3.527371E-2	5.971369E-3	-2.761687E0	1.264988E-3
2.769433E0	3.088716E-1	-1.594573E-1	-1.120168E-1	4.795665E-3	-6.901234E0	-1.687125E0
2.786117E0	3.059383E-1	-1.593853E-1	-2.686649E-1	-4.352368E-2	3.518100E-1	4.796509E-1
2.802800E0	2.999072E-1	-1.609096E-1	-1.481655E-1	-5.122178E-3	5.821065E0	1.307756E0
2.819483E0	3.009945E-1	-1.595562E-1	7.955682E-3	3.777974E-2	4.910481E0	8.085132E-1
2.836167E0	3.001726E-1	-1.596490E-1	-3.340914E-2	-3.188400E-3	-1.220483E0	-1.324765E0
2.852850E0	2.998798E-1	-1.596626E-1	-1.975059E-2	2.895003E-4	-1.500588E0	3.051928E-1
2.869533E0	2.995136E-1	-1.596393E-1	-7.831755E-2	6.273542E-3	-2.959262E0	2.863912E-1
2.886217E0	2.972666E-1	-1.594532E-1	-1.343347E-1	1.109137E-2	-1.426676E0	1.157629E-1
2.902900E0	2.950313E-1	-1.592692E-1	-1.197931E-1	9.621812E-3	7.767048E-1	-2.173279E-1
2.919583E0	2.932695E-1	-1.591322E-1	-1.045648E-1	4.043046E-3	1.494920E0	-1.774057E-1
2.936267E0	2.915424E-1	-1.591343E-1	-7.562690E-2	2.356176E-3	1.349213E0	1.439114E-1
2.952950E0	2.907461E-1	-1.590536E-1	-5.122524E-2	9.487353E-3	8.680857E-1	2.094274E-1
2.969633E0	2.898331E-1	-1.588178E-1	-5.202974E-2	1.079348E-2	3.056591E-1	1.621573E-1
2.986317E0	2.890100E-1	-1.586934E-1	-4.095619E-2	1.255184E-2	7.802761E-1	2.000726E-2
3.003000E0	2.884666E-1	-1.583990E-1	-2.505723E-2	1.392662E-2	1.254817E0	1.029960E-2
3.019683E0	2.881739E-1	-1.582287E-1	-5.629815E-4	1.099092E-2	1.571894E0	-1.011011E-2
3.036367E0	2.884478E-1	-1.580322E-1	2.932486E-2	1.402522E-2	2.254609E0	-3.519032E-1
3.053050E0	2.891524E-1	-1.577608E-1	7.171678E-2	1.840189E-3	3.200869E0	-8.533112E-1
3.069733E0	2.908407E-1	-1.579708E-1	1.375183E-1	-1.810381E-2	3.490929E0	-4.575639E-1
3.086417E0	2.937409E-1	-1.583648E-1	1.917967E-1	-1.427488E-2	1.899881E0	7.723422E-1
3.103100E0	2.972404E-1	-1.584471E-1	2.019667E-1	9.115940E-3	-4.399673E-1	1.952765E0
3.119783E0	3.004799E-1	-1.580607E-1	1.750567E-1	4.976255E-2	-1.374457E0	2.025805E0
3.136467E0	3.030814E-1	-1.567867E-1	1.522782E-1	8.155947E-2	-8.811876E-1	1.803219E0
3.153150E0	3.055609E-1	-1.553393E-1	1.475006E-1	1.050090E-1	-1.945054E-1	1.319761E0
3.169833E0	3.080030E-1	-1.532829E-1	1.460397E-1	1.292158E-1	-2.484720E-1	1.422347E0
3.186517E0	3.104337E-1	-1.510278E-1	1.400755E-1	1.495142E-1	1.741613E-1	1.144871E0
3.203200E0	3.126769E-1	-1.482941E-1	1.483131E-1	1.698119E-1	5.858602E-1	1.006116E0
3.219883E0	3.153825E-1	-1.453617E-1	1.641104E-1	1.818668E-1	6.579314E-1	4.183504E-1
3.236567E0	3.181527E-1	-1.422258E-1	1.684904E-1	1.850752E-1	-2.638104E-1	-1.212317E-1
3.253250E0	3.210044E-1	-1.391864E-1	1.576298E-1	1.768823E-1	-5.516193E-1	-6.468023E-1
3.269933E0	3.234123E-1	-1.363239E-1	1.457335E-1	1.635399E-1	2.716338E-1	-8.775274E-1
3.286617E0	3.258671E-1	-1.337296E-1	1.662641E-1	1.472424E-1	8.266063E-1	-1.083979E0
3.303300E0	3.289599E-1	-1.314109E-1	1.794285E-1	1.277632E-1	3.128303E-1	-1.333873E0
3.319983E0	3.318540E-1	-1.294666E-1	1.724181E-1	1.026883E-1	-8.947446E-1	-1.817155E0
3.336667E0	3.347130E-1	-1.279845E-1	1.527799E-1	6.778298E-2	-2.454448E-1	-2.322052E0
3.353350E0	3.369518E-1	-1.272049E-1	1.559589E-1	2.436828E-2	5.823586E-1	-2.930021E0
3.370033E0	3.399168E-1	-1.271714E-1	1.806651E-1	-2.894302E-2	9.269309E-1	-2.433126E0
3.386717E0	3.429799E-1	-1.281706E-1	1.844917E-1	-6.214290E-2	-3.316980E-1	-2.715705E0
3.403400E0	3.460727E-1	-1.292449E-1	1.714239E-1	-1.093562E-1	-6.752501E-1	-3.306143E0
3.420083E0	3.486998E-1	-1.318195E-1	1.578003E-1	-1.811492E-1	-8.777305E-2	-3.615773E0
3.436767E0	3.513379E-1	-1.352893E-1	1.690264E-1	-2.283375E-1	2.730471E-2	-2.644287E0
3.453450E0	3.543396E-1	-1.394383E-1	1.640454E-1	-2.685297E-1	-1.486655E0	-2.032184E0
3.470133E0	3.568116E-1	-1.442492E-1	1.176838E-1	-2.975866E-1	-3.195884E0	-1.183807E0
3.486817E0	3.582664E-1	-1.493678E-1	5.549656E-2	-3.077026E-1	-2.767302E0	-2.947503E-1
3.503500E0	3.586633E-1	-1.545162E-1	2.103892E-2	-3.066394E-1	-1.417806E0	2.523307E0
3.520183E0	3.589684E-1	-1.595993E-1	1.272496E-2	-2.330536E-1	-1.335968E0	6.184283E0
3.536867E0	3.590879E-1	-1.622924E-1	-2.074518E-2	-9.027019E-2	-4.815273E-1	6.013368E0
3.553550E0	3.582762E-1	-1.626113E-1	-1.528929E-2	-2.191055E-2	5.439891E-1	2.684964E0
3.570233E0	3.585778E-1	-1.630235E-1	1.182064E-2	-1.327831E-2	-2.932412E0	2.495326E-1
3.586917E0	3.586706E-1	-1.630544E-1	-1.040321E-1	-8.911221E-3	-1.108916E1	5.583020E-1
3.603600E0	3.551066E-1	-1.633209E-1	-3.667342E-1	-5.086843E-4	-1.339584E1	1.209889E0
3.620283E0	3.464339E-1	-1.630714E-1	-5.716883E-1	3.414422E-2	-4.336829E0	1.692834E0
3.636967E0	3.360312E-1	-1.621816E-1	-5.192753E-1	5.850974E-2	8.489848E0	-1.008797E0
3.653650E0	3.291074E-1	-1.611191E-1	-2.716899E-1	7.279605E-3	1.246250E1	-3.980007E0
3.670333E0	3.269658E-1	-1.619387E-1	-8.375971E-2	-8.589301E-2	6.016474E0	-2.291118E0
3.687017E0	3.263126E-1	-1.639851E-1	-7.373133E-2	-7.799468E-2	1.483303E0	1.545301E0
3.703700E0	3.245057E-1	-1.645411E-1	-5.774186E-2	-1.844431E-2	1.850796E0	2.415295E0
3.720383E0	3.243859E-1	-1.646005E-1	5.587353E-3	-3.529328E-5	2.354780E0	7.770488E-1
3.737067E0	3.246921E-1	-1.645423E-1	1.738936E-2	6.003958E-3	8.503428E-2	2.460844E-1
3.753750E0	3.249662E-1	-1.644002E-1	7.589540E-3	8.407294E-3	-5.866755E-1	4.835480E-2
3.770433E0	3.249453E-1	-1.642618E-1	-4.158570E-3	7.359438E-3	-1.179812E0	3.540341E-2
3.787117E0	3.248274E-1	-1.641546E-1	-2.831066E-2	8.973277E-3	-1.691061E0	1.052046E-1
3.803800E0	3.240007E-1	-1.639624E-1	-6.415194E-2	1.170554E-2	-7.163987E-1	-2.783179E-2
3.820483E0	3.226869E-1	-1.637640E-1	-5.652571E-2	8.252269E-3	-3.331372E-1	-3.070773E-1
3.837167E0	3.221146E-1	-1.636870E-1	-6.276584E-2	9.219642E-4	-4.093517E-2	-2.624202E-1
3.853850E0	3.205926E-1	-1.637333E-1	-7.195323E-2	-1.256257E-3	2.594370E-1	-5.699710E-2
3.870533E0	3.197138E-1	-1.637289E-1	-4.555268E-2	1.572640E-5	6.698781E-1	5.532470E-2
3.887217E0	3.190727E-1	-1.637327E-1	-4.883399E-2	2.371453E-4	1.056696E-1	1.118449E-1
3.903900E0	3.180844E-1	-1.637210E-1	-4.766981E-2	3.513691E-3	-3.428429E-2	1.075962E-1
3.920583E0	3.174821E-1	-1.636155E-1	-4.405062E-2	4.784222E-3	-6.939408E-3	3.040882E-1
3.937267E0	3.166145E-1	-1.635614E-1	-5.184715E-2	1.162135E-2	8.622334E-2	1.091835E-1
3.953950E0	3.157521E-1	-1.632277E-1	-4.145679E-2	1.216094E-2	9.011585E-1	-5.690326E-2
3.970633E0	3.152313E-1	-1.631556E-1	-2.041836E-2	6.040792E-3	1.346186E0	-3.351741E-1
3.987317E0	3.150708E-1	-1.630262E-1	3.246742E-3	3.234398E-3	1.130608E0	-1.191849E-2
4.004000E0	3.153396E-1	-1.630477E-1	1.902274E-2	3.430477E-3	8.075818E-1	-1.291845E-1
4.020683E0	3.157055E-1	-1.629117E-1	2.828072E-2	1.823133E-3	1.335613E0	-1.646786E-1
4.037367E0	3.162832E-1	-1.629869E-1	6.119010E-2	-4.541507E-3	2.668035E0	-1.677042E-1
4.054050E0	3.177472E-1	-1.630632E-1	1.194579E-1	-3.091396E-3	3.180615E0	3.006800E-1
4.070733E0	3.202691E-1	-1.630900E-1	1.699030E-1	4.980415E-3	3.640183E0	3.608190E-1
4.087417E0	3.234163E-1	-1.628971E-1	2.351064E-1	1.073560E-2	4.645079E0	6.208689E-1
4.104100E0	3.281139E-1	-1.627318E-1	3.287513E-1	2.269221E-2	3.161467E0	1.851500E0
4.120783E0	3.343857E-1	-1.621399E-1	3.509992E-1	7.118497E-2	-2.689538E0	2.757900E0
4.137467E0	3.398255E-1	-1.603566E-1	2.377608E-1	1.210645E-1	-6.290517E0	2.695856E0
4.154150E0	3.423190E-1	-1.581004E-1	1.231903E-1	1.569794E-1	-2.579484E0	2.113483E0
4.170833E0	3.439360E-1	-1.551187E-1	1.493174E-1	1.936402E-1	1.937641E0	2.057634E0
4.187517E0	3.473012E-1	-1.516392E-1	2.059582E-1	2.245133E-1	7.241220E-1	1.715153E0
4.204200E0	3.508081E-1	-1.476275E-1	1.725823E-1	2.516925E-1	-2.586246E0	1.801091E0
4.220883E0	3.530597E-1	-1.432411E-1	1.116390E-1	2.827102E-1	-1.462027E0	1.487494E0
4.237567E0	3.545331E-1	-1.381944E-1	1.182371E-1	3.050174E-1	9.428721E-1	3.769938E-1
4.254250E0	3.570049E-1	-1.330637E-1	1.541261E-1	2.949742E-1	9.294024E-1	-8.988579E-1
4.270933E0	3.596758E-1	-1.283520E-1	1.483571E-1	2.724956E-1	3.259287E-3	-1.159621E0
4.287617E0	3.619550E-1	-1.239714E-1	1.483514E-1	2.561577E-1	4.289517E-1	-1.255815E0
4.304300E0	3.646258E-1	-1.198049E-1	1.667477E-1	2.326224E-1	5.346695E-1	-1.732956E0
4.320983E0	3.675189E-1	-1.162096E-1	1.672927E-1	1.970035E-1	-1.664405E-1	-2.227898E0
4.337667E0	3.702078E-1	-1.132316E-1	1.588297E-1	1.583267E-1	-2.992028E-1	-2.618302E0
4.354350E0	3.728185E-1	-1.109268E-1	1.573844E-1	1.104720E-1	5.035902E-1	-2.977280E0
4.371033E0	3.754592E-1	-1.095455E-1	1.739826E-1	5.756319E-2	1.054995E0	-3.192992E0
4.387717E0	3.786237E-1	-1.090061E-1	1.960348E-1	4.634845E-3	2.608540E-1	-3.319934E0
4.404400E0	3.820002E-1	-1.093908E-1	1.847756E-1	-5.321411E-2	-4.802767E-1	-3.490171E0
4.421083E0	3.847890E-1	-1.107816E-1	1.732060E-1	-1.123390E-1	-3.573306E-1	-3.463757E0
4.437767E0	3.877795E-1	-1.131392E-1	1.773650E-1	-1.688284E-1	-1.503884E-1	-3.088809E0
4.454450E0	3.907071E-1	-1.164149E-1	1.678728E-1	-2.162770E-1	-1.674935E0	-2.256777E0
4.471133E0	3.933809E-1	-1.203557E-1	1.246602E-1	-2.446835E-1	-2.646872E0	-1.343987E0
4.487817E0	3.948666E-1	-1.245792E-1	7.279256E-2	-2.597525E-1	-2.910590E0	-7.010710E-1
4.504500E0	3.958097E-1	-1.290227E-1	3.155196E-2	-2.684497E-1	-2.067743E0	-2.073005E-1
4.521183E0	3.959194E-1	-1.335364E-1	-6.606237E-5	-2.668556E-1	-2.146238E0	1.099190E-1
4.537867E0	3.958075E-1	-1.379268E-1	-3.442911E-2	-2.633927E-1	-2.662041E0	3.938080E-1
4.554550E0	3.947706E-1	-1.423250E-1	-9.164821E-2	-2.554744E-1	-3.029494E0	5.789549E-1
4.571233E0	3.927495E-1	-1.464511E-1	-1.376256E-1	-2.424141E-1	-2.585444E0	4.040955E-2
4.587917E0	3.901785E-1	-1.504135E-1	-1.753732E-1	-2.518400E-1	-1.356248E0	-6.160020E-1
4.604600E0	3.868979E-1	-1.548542E-1	-1.878554E-1	-2.675664E-1	9.574519E-2	-1.023504E0
4.621283E0	3.839104E-1	-1.593413E-1	-1.681859E-1	-2.824176E-1	1.590730E0	-2.514122E-1
4.637967E0	3.812861E-1	-1.642775E-1	-1.359699E-1	-2.816366E-1	1.929639E0	4.406192E0
4.654650E0	3.793735E-1	-1.687386E-1	-1.011833E-1	-1.466546E-1	-2.278602E0	6.552368E0
4.671333E0	3.779100E-1	-1.691709E-1	-1.957675E-1	-2.996433E-2	-1.852107E0	4.379559E0
4.688017E0	3.728414E-1	-1.697384E-1	-2.092773E-1	-2.081504E-2	3.246322E0	5.536435E-1
4.704700E0	3.709271E-1	-1.698654E-1	-5.372314E-2	-7.200304E-3	6.082661E0	6.506523E-1
4.721383E0	3.710489E-1	-1.699786E-1	-1.177134E-3	-1.611282E-3	1.655166E0	3.104895E-1
4.738067E0	3.708878E-1	-1.699192E-1	-9.637960E-3	4.451785E-3	-1.651906E-1	2.555677E-1
4.754750E0	3.707273E-1	-1.698301E-1	-5.991641E-3	6.294675E-3	3.372916E-1	-4.192486E-2
4.771433E0	3.706879E-1	-1.697092E-1	2.024338E-3	3.704754E-3	2.924918E-1	-1.330497E-1
4.788117E0	3.707948E-1	-1.697065E-1	4.741102E-3	6.382158E-4	1.057454E-1	-1.860084E-2
4.804800E0	3.708461E-1	-1.696879E-1	4.276844E-3	3.400379E-3	-4.531717E-2	8.785070E-2
4.821483E0	3.709375E-1	-1.695930E-1	4.020720E-3	4.345480E-3	2.636285E-2	5.471753E-2
4.838167E0	3.709802E-1	-1.695429E-1	4.315777E-3	4.328064E-3	-2.358182E-1	1.811519E-1
4.854850E0	3.710815E-1	-1.694486E-1	-1.985907E-3	1.029549E-2	-3.417288E0	4.579400E-1
4.871533E0	3.709140E-1	-1.691994E-1	-9.948393E-2	2.002059E-2	-4.120272E0	6.535192E-1
4.888217E0	3.677621E-1	-1.687806E-1	-1.670006E-1	3.191549E-2	-7.612040E-1	4.151273E-1
4.904900E0	3.653417E-1	-1.681344E-1	-1.107463E-1	3.554806E-2	4.073245E0	-4.495377E-1
4.921583E0	3.640669E-1	-1.675945E-1	-3.091324E-2	1.719966E-2	4.047398E0	-1.063481E0
4.938267E0	3.643102E-1	-1.675605E-1	3.017181E-2	-3.084142E-3	2.286952E0	-6.513946E-1
4.954950E0	3.650736E-1	-1.676974E-1	4.364774E-2	-4.377250E-3	-1.276612E-1	3.484079E-1
4.971633E0	3.657666E-1	-1.677066E-1	2.539108E-2	9.000269E-3	-6.407479E-1	6.786654E-1
4.988317E0	3.659208E-1	-1.673971E-1	1.686579E-2	2.021336E-2	-1.314772E-1	5.514472E-1
5.005000E0	3.663294E-1	-1.670322E-1	2.536462E-2	2.593037E-2	1.223349E0	-9.180286E-2
5.021683E0	3.667671E-1	-1.665319E-1	5.301978E-2	1.956146E-2	1.684939E0	-7.242777E-2
5.038367E0	3.680985E-1	-1.663794E-1	8.794813E-2	1.860296E-2	1.644596E0	2.242228E-1
5.055050E0	3.697017E-1	-1.659111E-1	1.051090E-1	3.084140E-2	9.625010E-1	7.881957E-1
5.071733E0	3.716056E-1	-1.653504E-1	1.205557E-1	4.300064E-2	5.566773E-1	9.834098E-1
5.088417E0	3.737242E-1	-1.644764E-1	1.245785E-1	6.424684E-2	5.191099E-1	9.874790E-1
5.105100E0	3.757624E-1	-1.632067E-1	1.345061E-1	7.776005E-2	1.194877E0	7.515863E-1
5.121783E0	3.782122E-1	-1.618818E-1	1.656332E-1	8.701750E-2	1.471067E0	5.901013E-1
5.138467E0	3.812890E-1	-1.603032E-1	1.868494E-1	9.878980E-2	9.419936E-1	6.263240E-1
5.155150E0	3.844468E-1	-1.585855E-1	1.943493E-1	1.073884E-1	4.339552E-2	9.343593E-1
5.171833E0	3.877738E-1	-1.567200E-1	1.906525E-1	1.282836E-1	8.582725E-2	8.221236E-1
5.188517E0	3.908082E-1	-1.543051E-1	1.924706E-1	1.396242E-1	8.179836E-1	5.514004E-1
5.205200E0	3.941959E-1	-1.520612E-1	2.198278E-1	1.418193E-1	6.906665E-1	2.834777E-1
5.221883E0	3.981431E-1	-1.495730E-1	2.210202E-1	1.515610E-1	-1.216448E-1	4.252142E-1
5.238567E0	4.015706E-1	-1.470041E-1	2.084875E-1	1.554442E-1	-1.479941E-1	8.325266E-2
5.255250E0	4.050997E-1	-1.443864E-1	2.182218E-1	1.547229E-1	3.272855E-1	-5.162954E-1
5.271933E0	4.088519E-1	-1.418415E-1	2.213876E-1	1.392786E-1	3.339724E-1	-1.140237E0
5.288617E0	4.124866E-1	-1.397391E-1	2.262105E-1	1.148025E-1	2.071151E-1	-1.545007E0
5.305300E0	4.163998E-1	-1.380110E-1	2.316078E-1	8.856300E-2	2.037742E-1	-1.691747E0
5.321983E0	4.202146E-1	-1.367841E-1	2.306852E-1	5.789865E-2	-1.088729E-1	-2.326345E0
5.338667E0	4.240970E-1	-1.360791E-1	2.294426E-1	1.282312E-2	-6.747263E-2	-2.870409E0
5.355350E0	4.278703E-1	-1.363562E-1	2.270806E-1	-4.062280E-2	2.909354E-1	-2.883461E0
5.372033E0	4.316739E-1	-1.374345E-1	2.383904E-1	-8.336742E-2	6.757146E-1	-2.911547E0
5.388717E0	4.358246E-1	-1.391379E-1	2.520098E-1	-1.349947E-1	2.423372E-1	-3.570368E0
5.405400E0	4.400827E-1	-1.419388E-1	2.470741E-1	-2.040541E-1	-1.822594E-1	-3.872740E0
5.422083E0	4.440687E-1	-1.459465E-1	2.426122E-1	-2.661454E-1	-5.498070E-1	-3.205035E0
5.438767E0	4.481778E-1	-1.508192E-1	2.328675E-1	-3.105905E-1	-1.217625E0	-2.642081E0
5.455450E0	4.518387E-1	-1.563099E-1	2.003449E-1	-3.525430E-1	-1.925171E0	-1.977691E0
5.472133E0	4.548627E-1	-1.625824E-1	1.671170E-1	-3.800473E-1	-2.913156E0	3.515215E0
5.488817E0	4.574148E-1	-1.689908E-1	1.082225E-1	-2.519491E-1	-3.913829E0	8.417328E0
5.505500E0	4.584737E-1	-1.709891E-1	3.047264E-2	-6.821155E-2	-3.129937E0	7.400328E0
5.522183E0	4.584316E-1	-1.712668E-1	3.432661E-4	-1.010643E-2	-1.214724E0	1.732201E0
5.538867E0	4.584852E-1	-1.713263E-1	-3.558873E-3	-1.436985E-2	-4.577143E-1	-1.477930E-1
5.555550E0	4.583129E-1	-1.717463E-1	-1.640452E-2	-1.982174E-2	-5.525332E-1	-2.082717E-2
5.572233E0	4.579378E-1	-1.719877E-1	-2.272893E-2	-1.230349E-2	-2.736467E-1	5.092565E-1
5.588917E0	4.575545E-1	-1.721568E-1	-2.451768E-2	-3.868877E-3	-6.998839E-1	4.764065E-1
5.605600E0	4.571197E-1	-1.721168E-1	-4.393318E-2	4.738206E-3	-4.147913E0	5.237945E-1
5.622283E0	4.560886E-1	-1.719987E-1	-1.545566E-1	1.259467E-2	-9.195280E0	1.144951E0
5.638967E0	4.519627E-1	-1.716966E-1	-3.587716E-1	4.092329E-2	-7.133398E0	4.489182E0
5.655650E0	4.441175E-1	-1.706332E-1	-4.185551E-1	1.550671E-1	2.225466E0	3.390530E0
5.672333E0	4.379969E-1	-1.665225E-1	-2.679560E-1	1.855775E-1	8.400081E0	-2.212896E0
5.689017E0	4.351767E-1	-1.644411E-1	-1.238494E-1	6.005008E-2	6.305578E0	-6.869238E0
5.705700E0	4.338644E-1	-1.645188E-1	-6.126445E-2	-4.732967E-2	2.379029E0	-5.544014E0
5.722383E0	4.331326E-1	-1.660203E-1	-4.569416E-2	-1.231479E-1	1.137491E0	-3.676737E0
5.739067E0	4.323398E-1	-1.686279E-1	-2.896676E-2	-1.712483E-1	-4.080151E-1	8.644751E-1
5.755750E0	4.321660E-1	-1.717343E-1	-4.833049E-2	-1.053857E-1	-3.235597E-1	4.263302E0
5.772433E0	4.307272E-1	-1.721442E-1	-5.737123E-2	-6.369423E-3	8.384116E-1	3.053983E0
5.789117E0	4.302517E-1	-1.719469E-1	-9.414857E-3	-7.122256E-3	1.952984E0	5.710077E-2
5.805800E0	4.304130E-1	-1.723819E-1	9.188433E-3	-1.417864E-2	2.923371E-1	4.029531E-1
5.822483E0	4.305583E-1	-1.724199E-1	-1.118865E-3	1.059042E-2	-1.466500E0	1.214102E0
5.839167E0	4.303757E-1	-1.720285E-1	-3.854188E-2	2.770448E-2	-2.586898E0	7.278434E-1
5.855850E0	4.292723E-1	-1.714955E-1	-9.044240E-2	3.396104E-2	-1.364193E0	1.208461E-2
5.872533E0	4.273579E-1	-1.708953E-1	-9.052400E-2	2.906495E-2	4.487942E-1	-9.001598E-2
5.889217E0	4.262518E-1	-1.705257E-1	-6.522691E-2	2.787725E-2	7.904272E-2	2.540062E-1
5.905900E0	4.251815E-1	-1.699652E-1	-8.768031E-2	3.934272E-2	-1.033145E0	3.549286E-1
5.922583E0	4.233262E-1	-1.692130E-1	-1.071531E-1	4.111057E-2	3.440066E-1	-3.826412E-1
5.939267E0	4.216062E-1	-1.685934E-1	-7.561047E-2	2.618423E-2	1.896074E0	-9.599043E-1
5.955950E0	4.208034E-1	-1.683393E-1	-3.805059E-2	7.609159E-3	1.861427E0	-9.951138E-1
5.972633E0	4.203366E-1	-1.683395E-1	-1.622965E-2	-6.680272E-3	7.754065E-1	-5.416907E-1
5.989317E0	4.202618E-1	-1.685622E-1	-9.536391E-3	-1.153934E-2	7.702979E-1	-1.343161E-1
6.006000E0	4.200184E-1	-1.687246E-1	3.730900E-3	-9.697890E-3	1.325446E0	-7.109204E-1
6.022683E0	4.203863E-1	-1.688858E-1	3.832369E-2	-3.227838E-2	1.387608E0	-3.356962E-1
6.039367E0	4.212971E-1	-1.698016E-1	5.237710E-2	-3.080594E-2	8.087402E-1	7.744190E-1
6.056050E0	4.221340E-1	-1.699137E-1	6.082842E-2	2.374765E-3	2.014749E0	1.106699E0
6.072733E0	4.233267E-1	-1.697224E-1	1.165321E-1	6.052061E-3	4.694078E0	3.978126E-1
6.089417E0	4.260223E-1	-1.697118E-1	2.203950E-1	1.128087E-2	6.345113E0	8.970815E-1
6.106100E0	4.306806E-1	-1.693460E-1	3.311953E-1	3.756587E-2	2.522759E0	2.541468E0
6.122783E0	4.370731E-1	-1.684583E-1	3.200369E-1	9.330088E-2	-4.737401E0	2.756759E0
6.139467E0	4.413591E-1	-1.662328E-1	1.613159E-1	1.380995E-1	-6.128934E0	2.596520E0
6.156150E0	4.424557E-1	-1.638504E-1	9.330411E-2	1.714600E-1	-3.436543E-1	2.054840E0
6.172833E0	4.444724E-1	-1.605118E-1	1.650702E-1	2.124210E-1	2.598824E0	2.117603E0
6.189517E0	4.479636E-1	-1.567626E-1	1.912745E-1	2.394370E-1	-6.064669E-1	2.053525E0
6.206200E0	4.508546E-1	-1.525226E-1	1.383705E-1	2.797316E-1	-2.503760E0	2.116500E0
6.222883E0	4.525805E-1	-1.474289E-1	1.007165E-1	3.140210E-1	-5.744415E-1	1.428160E0
6.239567E0	4.542152E-1	-1.420447E-1	1.202308E-1	3.257816E-1	1.128297E0	1.060143E-1
6.256250E0	4.565922E-1	-1.365587E-1	1.447836E-1	3.186428E-1	1.151455E0	-4.488097E-1
6.272933E0	4.590461E-1	-1.314127E-1	1.549994E-1	3.075822E-1	3.452278E-1	-8.645031E-1
6.289617E0	4.617640E-1	-1.262957E-1	1.588198E-1	2.929686E-1	4.488535E-1	-1.265060E0
6.306300E0	4.643454E-1	-1.216373E-1	1.660573E-1	2.637753E-1	2.450578E-1	-1.572789E0
6.322983E0	4.673048E-1	-1.174944E-1	1.716400E-1	2.393255E-1	-1.647291E-1	-2.075054E0
6.339667E0	4.700724E-1	-1.136518E-1	1.583737E-1	1.986916E-1	-4.407320E-1	-2.742332E0
6.356350E0	4.725892E-1	-1.108647E-1	1.550134E-1	1.434446E-1	8.530863E-1	-3.357931E0
6.373033E0	4.752447E-1	-1.088655E-1	1.853592E-1	8.884678E-2	1.276848E0	-3.220064E0
6.389717E0	4.787740E-1	-1.079002E-1	2.053861E-1	3.394052E-2	1.487096E-1	-3.187560E0
6.406400E0	4.820978E-1	-1.077330E-1	1.866203E-1	-1.617819E-2	-8.575092E-1	-2.775086E0
6.423083E0	4.850009E-1	-1.084400E-1	1.740480E-1	-6.017830E-2	-5.424002E-1	-2.606494E0
6.439767E0	4.879052E-1	-1.097410E-1	1.708007E-1	-1.011791E-1	-7.287506E-1	-2.579531E0
6.456450E0	4.907000E-1	-1.118160E-1	1.511317E-1	-1.470881E-1	-1.859326E0	-2.316925E0
6.473133E0	4.929479E-1	-1.146488E-1	1.083215E-1	-1.801799E-1	-3.196330E0	-1.724696E0
6.489817E0	4.943143E-1	-1.178280E-1	4.460170E-2	-2.026317E-1	-3.018763E0	-1.124564E0
6.506500E0	4.944361E-1	-1.214100E-1	1.536770E-3	-2.190487E-1	-2.058900E0	-7.222038E-1
6.523183E0	4.943656E-1	-1.251369E-1	-1.839265E-2	-2.258893E-1	-1.957605E0	-3.674882E-1
6.539867E0	4.938224E-1	-1.289471E-1	-6.269881E-2	-2.310259E-1	-2.941556E0	-6.994044E-1
6.556550E0	4.922735E-1	-1.328455E-1	-1.193452E-1	-2.476293E-1	-2.870862E0	-1.636634E0
6.573233E0	4.898403E-1	-1.372097E-1	-1.597678E-1	-2.857902E-1	-1.487541E0	-2.995772E0
6.589917E0	4.869426E-1	-1.423813E-1	-1.697347E-1	-3.471923E-1	3.106459E-1	-3.718494E0
6.606600E0	4.841768E-1	-1.487944E-1	-1.487222E-1	-4.129568E-1	1.369132E0	-2.890128E0
6.623283E0	4.819803E-1	-1.561603E-1	-1.212316E-1	-4.458522E-1	9.082873E-1	-9.649480E-1
6.639967E0	4.801317E-1	-1.636710E-1	-1.169889E-1	-4.432968E-1	6.025702E-1	1.480522E0
6.656650E0	4.780767E-1	-1.709517E-1	-1.067328E-1	-3.991819E-1		
6.673333E0	4.765704E-1	-1.769903E-1				
