	mass A									
t	x	y	r	vx	vy	v	ax	ay	a	
0.000000E0	3.428956E-1	-1.616136E-1	3.790730E-1						
1.668333E-2	3.439457E-1	-1.738256E-1	3.853752E-1	4.215108E-2	-3.938709E-1	3.961200E-1			
3.336667E-2	3.443020E-1	-1.747558E-1	3.861133E-1	2.034193E-2	-2.588743E-2	3.292345E-2	-1.736859E0	1.297835E1	1.309406E1
5.005000E-2	3.446245E-1	-1.746894E-1	3.863708E-1	-9.065010E-3	-2.535167E-5	9.065046E-3	-2.092416E0	1.191711E0	2.407982E0
6.673333E-2	3.439995E-1	-1.747566E-1	3.858440E-1	-5.494431E-2	6.904809E-3	5.537647E-2	-4.912998E0	1.765876E-1	4.916170E0
8.341667E-2	3.427912E-1	-1.744590E-1	3.846319E-1	-1.612473E-1	1.059610E-2	1.615951E-1	-8.806558E0	-5.016172E-1	8.820832E0
1.001000E-1	3.386193E-1	-1.744030E-1	3.808929E-1	-3.564674E-1	-1.136051E-2	3.566483E-1	-1.055083E1	-7.970578E-1	1.058089E1
1.167833E-1	3.308970E-1	-1.748381E-1	3.742475E-1	-5.224894E-1	-2.003279E-2	5.228733E-1	-1.260763E1	-1.608295E-1	1.260866E1
1.334667E-1	3.211855E-1	-1.750715E-1	3.658007E-1	-7.543669E-1	-1.303408E-2	7.544794E-1	-1.513094E1	3.140313E0	1.545338E1
1.501500E-1	3.057263E-1	-1.752730E-1	3.524049E-1	-1.050379E0	7.212865E-2	1.052853E0	5.700460E-1	1.011272E1	1.012877E1
1.668333E-1	2.861379E-1	-1.726648E-1	3.341976E-1	-7.996006E-1	3.243191E-1	8.628696E-1	1.911363E1	1.977143E1	2.749982E1
1.835167E-1	2.790463E-1	-1.644516E-1	3.238999E-1	-3.050748E-1	7.333631E-1	7.942872E-1	3.483819E1	1.783703E1	3.913897E1
2.002000E-1	2.759585E-1	-1.481949E-1	3.132329E-1	2.775262E-1	9.656169E-1	1.004707E0	4.423283E1	1.316217E0	4.425241E1
2.168833E-1	2.883064E-1	-1.322321E-1	3.171844E-1	1.217643E0	7.673873E-1	1.439284E0	3.209572E1	-1.609995E1	3.590743E1
2.335667E-1	3.165872E-1	-1.225897E-1	3.394933E-1	1.453342E0	4.008545E-1	1.507610E0	-2.827937E0	-2.390394E1	2.407064E1
2.502500E-1	3.367996E-1	-1.188570E-1	3.571568E-1	1.014174E0	-1.906366E-2	1.014353E0	-2.235346E1	-2.952901E1	3.703565E1
2.669333E-1	3.504268E-1	-1.232258E-1	3.714614E-1	7.020356E-1	-5.826731E-1	9.123387E-1	-2.236148E1	-3.133316E1	3.849419E1
2.836167E-1	3.602242E-1	-1.382988E-1	3.858601E-1	3.039216E-1	-1.094262E0	1.135684E0	-2.889588E1	-1.042643E1	3.071941E1
3.003000E-1	3.605677E-1	-1.597377E-1	3.943668E-1	-2.832704E-1	-9.824750E-1	1.022497E0	-1.950379E1	1.742294E1	2.615257E1
3.169833E-1	3.507724E-1	-1.710807E-1	3.902690E-1	-4.174371E-1	-4.342977E-1	6.023855E-1	2.106647E0	2.646493E1	2.654865E1
3.336667E-1	3.466392E-1	-1.742288E-1	3.879619E-1	-1.369191E-1	-8.700783E-2	1.622258E-1	6.500971E0	1.370511E1	1.516881E1
3.503500E-1	3.462039E-1	-1.739839E-1	3.874629E-1	-1.722228E-1	1.667802E-2	1.730285E-1	-1.325654E1	2.190691E0	1.343633E1
3.670333E-1	3.408927E-1	-1.736723E-1	3.825832E-1	-5.970196E-1	-2.204950E-2	5.974266E-1	-2.363636E1	-2.794447E-2	2.363638E1
3.837167E-1	3.262833E-1	-1.747196E-1	3.701186E-1	-1.001640E0	-4.500890E-3	1.001650E0	-6.939232E0	7.831270E0	1.046335E1
4.004000E-1	3.074713E-1	-1.738225E-1	3.532037E-1	-8.625928E-1	2.357283E-1	8.942226E-1	2.065765E1	1.590427E1	2.607076E1
4.170833E-1	2.975015E-1	-1.668541E-1	3.410974E-1	-2.660223E-1	5.508147E-1	6.116900E-1	3.739496E1	1.412948E1	3.997531E1
4.337667E-1	2.985951E-1	-1.554436E-1	3.366329E-1	3.949696E-1	7.148161E-1	8.166780E-1	3.006335E1	7.265965E0	3.092894E1
4.504500E-1	3.106803E-1	-1.430031E-1	3.420119E-1	7.764130E-1	7.783854E-1	1.099409E0	1.727625E1	-4.881522E0	1.795266E1
4.671333E-1	3.245014E-1	-1.294715E-1	3.493766E-1	9.253750E-1	5.886458E-1	1.096733E0	6.583728E-1	-1.642306E1	1.643625E1
4.838167E-1	3.415570E-1	-1.233620E-1	3.631520E-1	8.441047E-1	1.876808E-1	8.647178E-1	-6.072726E0	-2.144056E1	2.228398E1
5.005000E-1	3.526663E-1	-1.232092E-1	3.735693E-1	6.589715E-1	-1.265920E-1	6.710209E-1	-5.489361E0	-1.795283E1	1.877331E1
5.171833E-1	3.635447E-1	-1.275859E-1	3.852829E-1	6.803768E-1	-4.043405E-1	7.914568E-1	-1.843000E0	-1.285966E1	1.299105E1
5.338667E-1	3.753682E-1	-1.367007E-1	3.994852E-1	6.193277E-1	-5.730411E-1	8.437671E-1	-7.595274E0	-6.594478E0	1.005859E1
5.505500E-1	3.842096E-1	-1.467064E-1	4.112660E-1	4.139378E-1	-6.102214E-1	7.373701E-1	-1.151263E1	-7.082002E-2	1.151284E1
5.672333E-1	3.891800E-1	-1.570618E-1	4.196778E-1	2.252007E-1	-5.803492E-1	6.225115E-1	-1.109019E1	5.344320E0	1.231073E1
5.839167E-1	3.917238E-1	-1.660707E-1	4.254727E-1	5.378821E-2	-4.340130E-1	4.373333E-1	-6.744077E0	1.229572E1	1.402381E1
6.006000E-1	3.909747E-1	-1.715433E-1	4.269524E-1	-2.104222E-2	-1.683740E-1	1.696837E-1	-3.738137E0	1.270018E1	1.323889E1
6.172833E-1	3.910217E-1	-1.716888E-1	4.270538E-1	-4.342106E-2	1.660721E-2	4.648858E-2	-1.064821E1	5.187945E0	1.184480E1
6.339667E-1	3.895259E-1	-1.709892E-1	4.254030E-1	-3.550439E-1	-4.244942E-3	3.550692E-1	-2.085265E1	-1.581788E0	2.091256E1
6.506500E-1	3.791750E-1	-1.718304E-1	4.162924E-1	-7.849247E-1	-5.266314E-2	7.866894E-1	-2.055638E1	2.145528E-1	2.055750E1
6.673333E-1	3.633356E-1	-1.727464E-1	4.023109E-1	-1.037452E0	8.987300E-4	1.037452E0	-2.039396E0	6.873641E0	7.169803E0
6.840167E-1	3.445587E-1	-1.718004E-1	3.850144E-1	-8.884828E-1	1.759199E-1	9.057315E-1	1.295429E1	1.159306E1	1.738427E1
7.007000E-1	3.336898E-1	-1.668765E-1	3.730907E-1	-5.407396E-1	3.989769E-1	6.719985E-1	2.157236E1	1.087682E1	2.415931E1
7.173833E-1	3.265161E-1	-1.584879E-1	3.629479E-1	-2.032887E-1	5.453970E-1	5.820517E-1	2.228962E1	6.657447E0	2.326260E1
7.340667E-1	3.269068E-1	-1.486785E-1	3.591286E-1	2.233789E-1	6.146374E-1	6.539704E-1	2.415997E1	4.607046E0	2.459530E1
7.507500E-1	3.339695E-1	-1.379795E-1	3.613502E-1	6.020611E-1	6.932330E-1	9.181773E-1	1.763367E1	3.111010E0	1.790600E1
7.674333E-1	3.469956E-1	-1.255476E-1	3.690096E-1	8.275704E-1	7.314343E-1	1.104477E0	1.074560E1	-4.786650E0	1.176350E1
7.841167E-1	3.615827E-1	-1.135740E-1	3.790002E-1	9.391806E-1	5.466151E-1	1.086668E0	-3.756459E-1	-1.731166E1	1.731573E1
8.008000E-1	3.783329E-1	-1.073089E-1	3.932569E-1	8.490153E-1	1.404641E-1	8.605563E-1	-8.666572E0	-2.771851E1	2.904178E1
8.174833E-1	3.899115E-1	-1.088872E-1	4.048301E-1	6.086579E-1	-3.801834E-1	7.176377E-1	-4.811653E0	-2.847964E1	2.888325E1
8.341667E-1	3.986418E-1	-1.199943E-1	4.163099E-1	6.658513E-1	-8.338129E-1	1.067053E0	-3.434548E0	-1.346174E1	1.389297E1
8.508500E-1	4.121288E-1	-1.367087E-1	4.342112E-1	5.796639E-1	-8.572348E-1	1.034825E0	-2.017877E1	2.856324E0	2.037993E1
8.675333E-1	4.179832E-1	-1.485974E-1	4.436115E-1	-3.765902E-2	-6.781066E-1	6.791515E-1	-2.526033E1	1.048572E1	2.735022E1
8.842167E-1	4.108722E-1	-1.593349E-1	4.406854E-1	-3.521198E-1	-5.338451E-1	6.395146E-1	-9.562507E0	1.046552E1	1.417634E1
9.009000E-1	4.062342E-1	-1.664100E-1	4.389971E-1	-2.797874E-1	-3.176767E-1	4.233196E-1	7.463691E0	1.272310E1	1.475073E1
9.175833E-1	4.015366E-1	-1.699347E-1	4.360155E-1	-1.351019E-1	-1.091795E-1	1.737028E-1	6.269730E0	9.409163E0	1.130672E1
9.342667E-1	4.017263E-1	-1.700530E-1	4.362362E-1	-2.350391E-2	8.076287E-3	2.485277E-2	-3.643462E0	3.963100E0	5.383398E0
9.509500E-1	4.007524E-1	-1.696652E-1	4.351882E-1	-2.589103E-1	1.410981E-2	2.592945E-1	-1.826852E1	-8.187997E-1	1.828686E1
9.676333E-1	3.930873E-1	-1.695822E-1	4.281071E-1	-6.571373E-1	-2.039578E-2	6.574538E-1	-1.673336E1	2.654750E0	1.694264E1
9.843167E-1	3.788259E-1	-1.703457E-1	4.153634E-1	-8.462996E-1	7.893117E-2	8.499724E-1	1.888465E0	8.250327E0	8.463699E0
1.001000E0	3.648491E-1	-1.669485E-1	4.012314E-1	-5.977383E-1	2.828291E-1	6.612741E-1	2.113819E1	1.641312E1	2.676217E1
1.017683E0	3.588814E-1	-1.609087E-1	3.933033E-1	-1.091355E-1	5.977251E-1	6.076067E-1	3.447774E1	1.577269E1	3.791428E1
1.034367E0	3.612076E-1	-1.470044E-1	3.899759E-1	5.331526E-1	8.611746E-1	1.012854E0	2.833003E1	5.329381E0	2.882695E1
1.051050E0	3.766709E-1	-1.321742E-1	3.991879E-1	9.148430E-1	7.671968E-1	1.193955E0	1.197685E1	-1.077032E1	1.610728E1
1.067733E0	3.917329E-1	-1.214056E-1	4.101146E-1	8.768123E-1	4.858614E-1	1.002428E0	-4.233883E0	-2.009987E1	2.054095E1
1.084417E0	4.059272E-1	-1.159626E-1	4.221661E-1	7.782302E-1	1.005614E-1	7.847005E-1	-7.657492E0	-2.623094E1	2.732580E1
1.101100E0	4.176998E-1	-1.180502E-1	4.340610E-1	6.169555E-1	-3.928199E-1	7.313969E-1	-8.953401E0	-3.259876E1	3.380595E1
1.117783E0	4.265130E-1	-1.290697E-1	4.456145E-1	4.724809E-1	-9.850301E-1	1.092485E0	-1.073325E1	-2.035255E1	2.300932E1
1.134467E0	4.334649E-1	-1.509174E-1	4.589857E-1	2.756995E-1	-1.149291E0	1.181897E0	-1.171524E1	1.378180E1	1.808825E1
1.151150E0	4.357121E-1	-1.674177E-1	4.667695E-1	5.994386E-2	-5.025280E-1	5.060906E-1	-9.265438E0	3.119124E1	3.253831E1
1.167833E0	4.354650E-1	-1.676851E-1	4.666349E-1	-3.218974E-2	4.613532E-3	3.251867E-2	-7.156462E0	1.744242E1	1.885346E1
1.184517E0	4.346381E-1	-1.672637E-1	4.657117E-1	-1.576848E-1	1.703823E-2	1.586026E-1	-1.510181E1	-1.409146E-1	1.510247E1
1.201200E0	4.302036E-1	-1.671166E-1	4.615226E-1	-5.271575E-1	-3.608470E-3	5.271698E-1	-2.101898E1	1.877272E0	2.110265E1
1.217883E0	4.170486E-1	-1.673842E-1	4.493851E-1	-9.020300E-1	6.563130E-2	9.044145E-1	-5.530746E0	8.891695E0	1.047146E1
1.234567E0	4.001059E-1	-1.649267E-1	4.327650E-1	-7.453899E-1	2.968273E-1	8.023170E-1	1.607552E1	1.349488E1	2.098891E1
1.251250E0	3.921774E-1	-1.574800E-1	4.226146E-1	-2.976140E-1	5.343883E-1	6.116739E-1	2.896430E1	1.056280E1	3.083023E1
1.267933E0	3.901755E-1	-1.470959E-1	4.169822E-1	1.890570E-1	6.492349E-1	6.762015E-1	2.905339E1	7.140554E0	2.991801E1
1.284617E0	3.984856E-1	-1.358172E-1	4.209954E-1	7.051493E-1	7.562682E-1	1.034010E0	2.697716E1	-3.625867E-1	2.697960E1
1.301300E0	4.137040E-1	-1.218618E-1	4.312787E-1	1.080199E0	6.787600E-1	1.275752E0	8.059246E0	-1.442108E1	1.652026E1
1.317983E0	4.345282E-1	-1.131693E-1	4.490235E-1	1.024450E0	2.563675E-1	1.056040E0	-8.725089E0	-2.633689E1	2.774453E1
1.334667E0	4.478865E-1	-1.133076E-1	4.619966E-1	7.135840E-1	-2.224985E-1	7.474675E-1	-1.390565E1	-3.047187E1	3.349480E1
1.351350E0	4.583381E-1	-1.205933E-1	4.739373E-1	5.749080E-1	-7.403860E-1	9.373850E-1	-7.026876E0	-2.110494E1	2.224400E1
1.368033E0	4.670692E-1	-1.380118E-1	4.870328E-1	4.826450E-1	-9.905165E-1	1.101848E0	-1.449399E1	-8.183694E-1	1.451708E1
1.384717E0	4.744424E-1	-1.536435E-1	4.987002E-1	1.313959E-1	-7.375025E-1	7.491160E-1	-1.596063E1	1.979991E1	2.543183E1
1.401400E0	4.714535E-1	-1.626198E-1	4.987119E-1	-1.386154E-1	-3.127113E-1	3.420564E-1	-7.194032E0	2.015413E1	2.139960E1
1.418083E0	4.698173E-1	-1.640777E-1	4.976442E-1	-5.836897E-2	-3.642089E-2	6.879984E-2	-9.366933E-1	1.007560E1	1.011905E1
1.434767E0	4.695059E-1	-1.638351E-1	4.972703E-1	-1.461106E-1	6.934303E-3	1.462751E-1	-1.224833E1	3.334960E-1	1.225287E1
1.451450E0	4.649420E-1	-1.638463E-1	4.929672E-1	-4.796922E-1	-3.048667E-2	4.806600E-1	-1.674801E1	-9.751503E-1	1.677638E1
1.468133E0	4.535002E-1	-1.648523E-1	4.825336E-1	-7.381505E-1	-3.644403E-2	7.390496E-1	-6.449779E0	3.527845E0	7.351553E0
1.484817E0	4.403124E-1	-1.650623E-1	4.702346E-1	-6.941604E-1	8.444102E-2	6.992774E-1	8.331382E0	7.555897E0	1.124738E1
1.501500E0	4.303383E-1	-1.620348E-1	4.598330E-1	-4.467523E-1	2.326699E-1	5.037091E-1	1.459682E1	7.480175E0	1.640184E1
1.518183E0	4.254058E-1	-1.572989E-1	4.535560E-1	-1.924465E-1	3.284322E-1	3.806618E-1	1.800360E1	9.766217E0	2.048191E1
1.534867E0	4.239170E-1	-1.510761E-1	4.500329E-1	1.304833E-1	5.400827E-1	5.556214E-1	2.163701E1	1.452777E1	2.606178E1
1.551550E0	4.297596E-1	-1.392781E-1	4.517651E-1	5.491235E-1	8.361279E-1	1.000323E0	2.848864E1	6.874060E0	2.930623E1
1.568233E0	4.422395E-1	-1.231773E-1	4.590734E-1	1.061693E0	8.052539E-1	1.332526E0	1.484891E1	-1.233826E1	1.930603E1
1.584917E0	4.651847E-1	-1.124095E-1	4.785736E-1	1.139474E0	3.959879E-1	1.206320E0	-5.994552E0	-2.640330E1	2.707525E1
1.601600E0	4.802599E-1	-1.099645E-1	4.926883E-1	7.687435E-1	-9.033122E-2	7.740325E-1	-1.628760E1	-3.075835E1	3.480463E1
1.618283E0	4.908352E-1	-1.154235E-1	5.042239E-1	5.965127E-1	-6.204687E-1	8.607025E-1	-1.497826E1	-9.616589E0	1.779964E1
1.634967E0	5.001636E-1	-1.306675E-1	5.169503E-1	3.127568E-1	-5.177234E-1	6.048590E-1	-2.083428E1	-1.725538E1	2.705209E1
1.651650E0	5.012708E-1	-1.326982E-1	5.185376E-1	-1.349556E-1	-9.262535E-1	9.360335E-1	-1.169047E1	1.870015E0	1.183909E1
1.668333E0	4.956605E-1	-1.615735E-1	5.213304E-1	-1.292183E-1	-8.653924E-1	8.749865E-1	4.263402E0	1.656181E1	1.710176E1
1.685017E0	4.969592E-1	-1.615735E-1	5.225653E-1	9.304875E-2	-1.002138E-2	9.358684E-2	-1.601281E0	2.959009E1	2.963338E1
1.701700E0	4.987653E-1	-1.619079E-1	5.243863E-1	-1.683664E-1	-6.495795E-3	1.684916E-1	-2.089623E1	-7.151343E-1	2.090846E1
1.718383E0	4.913414E-1	-1.617902E-1	5.172934E-1	-6.553443E-1	-2.412684E-2	6.557883E-1	-2.194012E1	3.024633E0	2.214763E1
1.735067E0	4.768986E-1	-1.627129E-1	5.038926E-1	-9.141052E-1	6.622188E-2	9.165008E-1	-3.294999E-1	9.419910E0	9.425671E0
1.751750E0	4.608408E-1	-1.595806E-1	4.876886E-1	-6.891661E-1	3.116587E-1	7.563604E-1	2.237765E1	1.489403E1	2.688106E1
1.768433E0	4.539034E-1	-1.523139E-1	4.787774E-1	-1.240998E-1	5.630205E-1	5.765352E-1	2.896923E1	7.219152E0	2.985519E1
1.785117E0	4.567000E-1	-1.407945E-1	4.779100E-1	3.024765E-1	5.861537E-1	6.595970E-1	2.574260E1	2.667728E0	2.588046E1
1.801800E0	4.639961E-1	-1.327559E-1	4.826142E-1	6.949032E-1	5.887477E-1	9.107768E-1	1.712225E1	-4.060572E0	1.759715E1
1.818483E0	4.798866E-1	-1.211500E-1	4.949428E-1	9.311617E-1	5.210582E-1	1.067035E0	2.001994E0	-1.387522E1	1.401891E1
1.835167E0	4.950658E-1	-1.153699E-1	5.083310E-1	7.426954E-1	9.634801E-2	7.489188E-1	-1.211200E1	-2.645863E1	2.909913E1
1.851850E0	5.046678E-1	-1.179352E-1	5.182647E-1	4.939663E-1	-3.764776E-1	6.210782E-1	-1.030645E1	-2.883798E1	3.062437E1
1.868533E0	5.115478E-1	-1.279317E-1	5.273023E-1	4.010009E-1	-8.569597E-1	9.461404E-1	-1.751914E0	-1.520577E1	1.530636E1
1.885217E0	5.180479E-1	-1.465290E-1	5.383720E-1	4.371241E-1	-9.493050E-1	1.045111E0	-6.048625E0	1.291258E1	1.425905E1
1.901900E0	5.261332E-1	-1.596069E-1	5.498095E-1	2.481615E-1	-3.972565E-1	4.683982E-1	-1.059737E1	2.596178E1	2.804136E1
1.918583E0	5.263282E-1	-1.597842E-1	5.500476E-1	9.488445E-3	1.985277E-3	9.693911E-3	-8.794176E0	1.356054E1	1.616248E1
1.935267E0	5.264498E-1	-1.595406E-1	5.500933E-1	-9.691816E-3	4.961037E-3	1.088775E-2	-1.021107E0	2.664834E-1	1.055307E0
1.951950E0	5.260048E-1	-1.596186E-1	5.496901E-1	-2.881376E-2	4.947100E-3	2.923537E-2	-3.773132E0	4.655652E-1	3.801746E0
1.968633E0	5.254884E-1	-1.593756E-1	5.491253E-1	-1.209224E-1	2.336502E-2	1.231590E-1	-1.576568E1	-2.080659E-1	1.576705E1
1.985317E0	5.219701E-1	-1.588390E-1	5.456029E-1	-5.340894E-1	3.269988E-3	5.340994E-1	-1.862925E1	1.725346E0	1.870898E1
2.002000E0	5.076676E-1	-1.592665E-1	5.320641E-1	-8.264190E-1	5.929288E-2	8.285433E-1	-3.570977E0	6.583917E0	7.489983E0
2.018683E0	4.943952E-1	-1.568606E-1	5.186828E-1	-6.229118E-1	2.379494E-1	6.668126E-1	1.192812E1	1.056414E1	1.593364E1
2.035367E0	4.868831E-1	-1.513269E-1	5.098578E-1	-3.918494E-1	4.145935E-1	5.704680E-1	1.944589E1	1.209520E1	2.290058E1
2.052050E0	4.813205E-1	-1.430270E-1	5.021216E-1	-2.595985E-2	6.325292E-1	6.330617E-1	-1.515396E1	1.396838E0	1.521820E1
2.068733E0	4.860169E-1	-1.302215E-1	5.031601E-1	-6.805501E-1	5.228930E-1	8.582339E-1	5.126061E1	7.666064E0	5.183067E1
2.085417E0	4.586128E-1	-1.255798E-1	4.754955E-1	9.896093E-1	7.340106E-1	1.232111E0	5.892135E1	-1.340008E0	5.893659E1
2.102100E0	5.190369E-1	-1.057300E-1	5.296962E-1	2.355815E0	7.116648E-1	2.460961E0	1.311510E1	-1.295316E1	1.843340E1
2.118783E0	5.372185E-1	-1.018339E-1	5.467850E-1	7.395115E-1	1.167650E-1	7.486731E-1	-8.554164E1		
2.135467E0	5.437119E-1	-1.018339E-1	5.531662E-1	-3.167923E-1			4.092175E0		
2.152150E0	5.266482E-1			5.059816E-1			1.684966E1		
2.168833E0	5.605948E-1	-1.317037E-1	5.758580E-1	9.395388E-1			-1.190531E1		
2.185517E0	5.579975E-1	-1.420932E-1	5.758052E-1	-3.892166E-1	-5.838249E-1	7.016702E-1	-4.951119E1		
2.202200E0	5.476080E-1	-1.511840E-1	5.680943E-1	-6.227465E-1	-2.724516E-1	6.797376E-1	-1.333124E0	1.266468E1	1.273465E1
2.218883E0	5.372185E-1	-1.511840E-1	5.580863E-1	-4.281383E-1	-7.784332E-2	4.351574E-1	1.999686E0	6.665619E0	6.959110E0
2.235567E0	5.333224E-1	-1.537814E-1	5.550509E-1	-4.670599E-1	-1.167650E-1	4.814343E-1	-5.332495E0	4.665933E0	7.085650E0
2.252250E0	5.216343E-1	-1.550801E-1	5.441986E-1	-7.005899E-1	7.784332E-2	7.049012E-1	-2.666248E0	9.331866E0	9.705288E0
2.268933E0	5.099461E-1	-1.511840E-1	5.318850E-1	-5.449032E-1	2.335300E-1	5.928371E-1	7.998743E0	1.066499E1	1.333124E1
2.285617E0	5.034526E-1	-1.472879E-1	5.245553E-1	-3.892166E-1	3.892166E-1	5.504354E-1	1.866373E1	5.332495E0	1.941058E1
2.302300E0	4.969592E-1	-1.381971E-1	5.158167E-1	0.000000E0	4.670599E-1	4.670599E-1	2.132998E1	1.333124E0	2.137160E1
2.318983E0	5.034526E-1	-1.317037E-1	5.203945E-1	4.281383E-1	3.892166E-1	5.786121E-1	1.266468E1	-3.999371E0	1.328115E1
2.335667E0	5.112448E-1	-1.252103E-1	5.263543E-1	3.892166E-1	3.502949E-1	5.236374E-1	2.666248E0	-7.332181E0	7.801907E0
2.352350E0	5.164395E-1	-1.200155E-1	5.302014E-1	4.670599E-1	1.556866E-1	4.923244E-1	6.665619E0	-1.199811E1	1.372535E1
2.369033E0	5.268290E-1	-1.200155E-1	5.403263E-1	6.616682E-1	-7.784332E-2	6.662315E-1	9.998428E0	-1.599749E1	1.886500E1
2.385717E0	5.385172E-1	-1.226129E-1	5.522994E-1	7.784332E-1	-3.502949E-1	8.536186E-1	-3.999371E0	-2.332967E1	2.366999E1
2.402400E0	5.528027E-1	-1.317037E-1	5.682752E-1	5.838249E-1	-8.562765E-1	1.036369E0	-1.266468E1	-9.331866E0	1.573143E1
2.419083E0	5.579975E-1	-1.511840E-1	5.781157E-1	2.724516E-1	-7.784332E-1	8.247352E-1	-1.666405E1	1.999686E1	2.603007E1
2.435767E0	5.618935E-1	-1.576774E-1	5.835979E-1	7.784332E-2	-7.784332E-2	1.100871E-1	-2.666248E0	2.666248E1	2.679546E1
2.452450E0	5.605948E-1	-1.537814E-1	5.813048E-1	1.167650E-1	1.556866E-1	1.946083E-1	-3.332809E0	6.665619E0	7.452388E0
2.469133E0	5.657896E-1	-1.524827E-1	5.859768E-1	7.784332E-2	7.784332E-2	1.100871E-1	-7.998743E0	-6.665619E0	1.041203E1
2.485817E0	5.631922E-1	-1.511840E-1	5.831313E-1	-2.335300E-1	-3.892166E-2	2.367512E-1	-1.466436E1	-3.332809E0	1.503832E1
2.502500E0	5.579975E-1	-1.537814E-1	5.788004E-1	-3.892166E-1	-7.784332E-2	3.969246E-1	-2.132998E1	5.332495E0	2.198644E1
2.519183E0	5.502053E-1	-1.537814E-1	5.712921E-1	-8.951982E-1	1.556866E-1	9.086353E-1	-7.332181E0	1.466436E1	1.639525E1
2.535867E0	5.281277E-1	-1.485866E-1	5.486318E-1	-8.173548E-1	4.281383E-1	9.226978E-1	2.199654E1	1.533092E1	2.681203E1
2.552550E0	5.229329E-1	-1.394958E-1	5.412189E-1	0.000000E0	6.616682E-1	6.616682E-1	3.732747E1	1.266468E1	3.941743E1
2.569233E0	5.281277E-1	-1.265090E-1	5.430685E-1	4.281383E-1	8.562765E-1	9.573462E-1	1.266468E1	6.665619E0	1.431169E1
2.585917E0	5.372185E-1	-1.109247E-1	5.485508E-1	4.281383E-1	8.951982E-1	9.923115E-1	8.769282E0	-5.814553E0	1.052185E1
2.602600E0	5.424132E-1	-9.663919E-2	5.509548E-1	6.257822E-1	6.670550E-1	9.146397E-1	5.846881E0	-1.270853E1	1.398903E1
2.619283E0	5.580988E-1	-8.866734E-2	5.650983E-1	7.560473E-1	4.295512E-1	8.695526E-1	1.308169E0	-1.489764E1	1.495496E1
2.635967E0	5.676400E-1	-8.230650E-2	5.735761E-1	5.719034E-1	2.079649E-1	6.085416E-1	-3.042444E0	-1.560314E1	1.589700E1
2.652650E0	5.771813E-1	-8.172824E-2	5.829389E-1	6.672206E-1	-1.126476E-1	6.766630E-1	5.490723E0	-2.092411E1	2.163253E1
2.669333E0	5.899029E-1	-8.606518E-2	5.961482E-1	7.798682E-1	-4.765861E-1	9.139632E-1	-5.935917E0	-1.973692E1	2.061022E1
2.686017E0	6.032029E-1	-9.763033E-2	6.110527E-1	5.025817E-1	-7.971986E-1	9.423980E-1	-2.789881E1	-1.127824E1	3.009223E1
2.702700E0	6.066724E-1	-1.126650E-1	6.170452E-1	-1.819693E-1	-8.578550E-1	8.769425E-1	-3.457672E1	6.381111E0	3.516060E1
2.719383E0	5.971312E-1	-1.262541E-1	6.103325E-1	-7.018814E-1	-5.892338E-1	9.164245E-1	-2.062731E1	1.602698E1	2.612183E1
2.736067E0	5.832530E-1	-1.323258E-1	5.980754E-1	-8.491898E-1	-2.772865E-1	8.933147E-1	-3.561550E0	1.305902E1	1.353597E1
2.752750E0	5.687965E-1	-1.355062E-1	5.847148E-1	-8.145290E-1	-1.646388E-1	8.310015E-1	1.780775E0	8.458682E0	8.644100E0
2.769433E0	5.560749E-1	-1.378193E-1	5.728991E-1	-7.712030E-1	-1.733040E-2	7.713977E-1	7.271499E0	1.127824E1	1.341914E1
2.786117E0	5.430641E-1	-1.360845E-1	5.598549E-1	-6.065642E-1	2.252953E-1	6.470534E-1	1.840134E1	1.365261E1	2.291295E1
2.802800E0	5.358358E-1	-1.303019E-1	5.514514E-1	-1.473084E-1	4.419253E-1	4.658302E-1	2.834400E1	1.023946E1	3.013684E1
2.819483E0	5.381489E-1	-1.213389E-1	5.516587E-1	3.639385E-1	5.719034E-1	6.778825E-1	2.077571E1	7.123101E0	2.196289E1
2.836167E0	5.479792E-1	-1.112194E-1	5.591520E-1	5.719034E-1	6.672206E-1	8.787814E-1	1.157504E1	-1.632377E0	1.168958E1
2.852850E0	5.572314E-1	-9.907598E-2	5.659707E-1	6.932162E-1	5.545730E-1	8.877499E-1	-5.935917E-1	-1.691736E1	1.692777E1
2.869533E0	5.711096E-1	-9.271514E-2	5.785864E-1	6.238946E-1	8.665202E-2	6.298833E-1	-6.826305E0	-2.997638E1	3.074381E1
2.886217E0	5.780486E-1	-9.618469E-2	5.859964E-1	3.899341E-1	-4.679209E-1	6.090966E-1	-9.349070E0	-3.235075E1	3.367456E1
2.902900E0	5.841204E-1	-1.083281E-1	5.940804E-1	3.379429E-1	-9.878331E-1	1.044040E0	-4.897132E0	-1.721416E1	1.789718E1
2.919583E0	5.893247E-1	-1.291454E-1	6.033093E-1	2.339605E-1	-1.100481E0	1.125076E0	-1.706576E1	7.568294E0	1.866867E1
2.936267E0	5.919268E-1	-1.450475E-1	6.094392E-1	-1.992997E-1	-6.932162E-1	7.212968E-1	-1.617537E1	2.404046E1	2.897562E1
2.952950E0	5.826747E-1	-1.522757E-1	6.022439E-1	-4.159297E-1	-2.686213E-1	4.951312E-1	-2.967959E-1	2.092411E1	2.092621E1
2.969633E0	5.780486E-1	-1.540105E-1	5.982136E-1	-1.386432E-1	-0.000000E0	1.386432E-1	6.529509E0	9.200672E0	1.128215E1
2.986317E0	5.780486E-1	-1.522757E-1	5.977693E-1	-1.559736E-1	5.199121E-2	1.644107E-1	-8.607080E0	-2.967959E-1	8.612196E0
3.003000E0	5.728443E-1	-1.522757E-1	5.927381E-1	-4.679209E-1	-3.466081E-2	4.692029E-1	-1.869814E1	-1.780775E0	1.878275E1
3.019683E0	5.624357E-1	-1.534322E-1	5.829883E-1	-7.798682E-1	-1.733040E-2	7.800608E-1	-7.419896E0	5.935917E0	9.502104E0
3.036367E0	5.468227E-1	-1.528540E-1	5.677847E-1	-7.625378E-1	1.646388E-1	7.801089E-1	1.068465E1	1.380101E1	1.745364E1
3.053050E0	5.369923E-1	-1.479388E-1	5.569979E-1	-3.812689E-1	4.505905E-1	5.902523E-1	2.225969E1	1.038786E1	2.456423E1
3.069733E0	5.341011E-1	-1.378193E-1	5.515959E-1	-8.665202E-3	5.459078E-1	5.459765E-1	2.033052E1	2.819561E0	2.052510E1
3.086417E0	5.367032E-1	-1.297236E-1	5.521581E-1	2.946169E-1	5.025817E-1	5.825698E-1	2.077571E1	-2.967959E0	2.098664E1
3.103100E0	5.439314E-1	-1.210498E-1	5.572382E-1	6.672206E-1	4.679209E-1	8.149437E-1	1.617537E1	-1.009106E1	1.906495E1
3.119783E0	5.589661E-1	-1.141107E-1	5.704949E-1	8.838506E-1	1.819693E-1	9.023884E-1	1.483979E0	-1.854974E1	1.860901E1
3.136467E0	5.734226E-1	-1.149781E-1	5.848362E-1	7.018814E-1	-1.906345E-1	7.273094E-1	-1.320742E1	-2.404046E1	2.742954E1
3.153150E0	5.823856E-1	-1.204715E-1	5.947154E-1	4.159297E-1	-5.892338E-1	7.212447E-1	-1.246543E1	-2.077571E1	2.422843E1
3.169833E0	5.873008E-1	-1.346388E-1	6.025362E-1	2.772865E-1	-9.271767E-1	9.677522E-1	-1.038786E1	4.897132E0	1.148431E1
3.186517E0	5.916377E-1	-1.514083E-1	6.107042E-1	1.039824E-1	-4.852513E-1	4.962673E-1	-7.123101E0	2.433726E1	2.535825E1
3.203200E0	5.907703E-1	-1.508301E-1	6.097207E-1	-8.665202E-3	4.332601E-2	4.418404E-2	-1.929173E0	1.706576E1	1.717446E1
3.219883E0	5.913486E-1	-1.499627E-1	6.100672E-1	6.932162E-2	1.733040E-2	7.145509E-2	-2.967959E-1	-8.903876E-1	9.385509E-1
3.236567E0	5.930834E-1	-1.502518E-1	6.118198E-1	0.000000E0	-0.000000E0	0.000000E0	-1.009106E1	2.967959E-1	1.009542E1
3.253250E0	5.913486E-1	-1.499627E-1	6.100672E-1	-2.772865E-1	3.466081E-2	2.794444E-1	-1.840134E1	8.903876E-1	1.842287E1
3.269933E0	5.838312E-1	-1.490953E-1	6.025681E-1	-6.238946E-1	3.466081E-2	6.248566E-1	-1.662057E1	2.374367E0	1.678931E1
3.286617E0	5.705313E-1	-1.488062E-1	5.896179E-1	-8.491898E-1	9.531723E-2	8.545225E-1	3.858346E0	6.381111E0	7.456904E0
3.303300E0	5.554966E-1	-1.459149E-1	5.743410E-1	-5.372426E-1	2.599561E-1	5.968306E-1	1.929173E1	1.009106E1	2.177155E1
3.319983E0	5.526053E-1	-1.401323E-1	5.700962E-1	-1.039824E-1	4.332601E-1	4.455633E-1	2.136930E1	1.335581E1	2.519970E1
3.336667E0	5.520270E-1	-1.314584E-1	5.674638E-1	1.213128E-1	6.932162E-1	7.037510E-1	1.691736E1	1.424620E1	2.211677E1
3.353350E0	5.566531E-1	-1.170020E-1	5.688164E-1	4.679209E-1	9.358419E-1	1.046303E0	2.225969E1	3.858346E0	2.259160E1
3.370033E0	5.676400E-1	-1.002325E-1	5.764215E-1	8.665202E-1	8.405246E-1	1.207203E0	1.068465E1	-1.261382E1	1.653089E1
3.386717E0	5.855660E-1	-8.895647E-2	5.922844E-1	8.838506E-1	4.852513E-1	1.008296E0	-3.264754E0	-2.552444E1	2.573239E1
3.403400E0	5.971312E-1	-8.404127E-2	6.030162E-1	6.758858E-1	-0.000000E0	6.758858E-1	-7.716692E0	-3.056997E1	3.152889E1
3.420083E0	6.081181E-1	-8.895647E-2	6.145900E-1	6.498902E-1	-5.545730E-1	8.543468E-1	-1.172344E1	-2.730522E1	2.971555E1
3.436767E0	6.188158E-1	-1.025455E-1	6.272548E-1	3.292777E-1	-9.271767E-1	9.839107E-1	-2.077571E1	-7.568294E0	2.211129E1
3.453450E0	6.191050E-1	-1.198933E-1	6.306071E-1	-1.126476E-1	-8.318594E-1	8.394520E-1	-2.389207E1	1.157504E1	2.654830E1
3.470133E0	6.150572E-1	-1.303019E-1	6.287081E-1	-4.332601E-1	-4.852513E-1	6.505253E-1	-1.424620E1	1.662057E1	2.189058E1
3.486817E0	6.046485E-1	-1.360845E-1	6.197732E-1	-6.238946E-1	-2.772865E-1	6.827388E-1	-7.716692E0	8.607080E0	1.155981E1
3.503500E0	5.942399E-1	-1.395540E-1	6.104067E-1	-6.585554E-1	-1.992997E-1	6.880520E-1	-2.374367E0	7.271499E0	7.649334E0
3.520183E0	5.826747E-1	-1.427344E-1	5.999024E-1	-7.105466E-1	-6.065642E-2	7.131309E-1	-1.483979E0	8.458682E0	8.587869E0
3.536867E0	5.705313E-1	-1.415779E-1	5.878352E-1	-7.105466E-1	1.126476E-1	7.194206E-1	8.903876E0	1.142664E1	1.448610E1
3.553550E0	5.589661E-1	-1.389758E-1	5.759839E-1	-4.419253E-1	2.946169E-1	5.311281E-1	2.151770E1	8.607080E0	2.317527E1
3.570233E0	5.557857E-1	-1.317475E-1	5.711875E-1	4.332601E-2	4.332601E-1	4.354210E-1	2.478245E1	6.529509E0	2.562820E1
3.586917E0	5.604118E-1	-1.245193E-1	5.740788E-1	3.985993E-1	4.852513E-1	6.279731E-1	1.929173E1	2.671163E0	1.947578E1
3.603600E0	5.690857E-1	-1.155563E-1	5.806994E-1	6.672206E-1	5.372426E-1	8.566288E-1	9.052274E0	-8.607080E0	1.249102E1
3.620283E0	5.826747E-1	-1.065933E-1	5.923445E-1	7.365422E-1	2.339605E-1	7.728078E-1	-3.413152E0	-2.151770E1	2.178672E1
3.636967E0	5.936616E-1	-1.077498E-1	6.033607E-1	5.285773E-1	-2.426257E-1	5.816023E-1	-1.231703E1	-2.878920E1	3.131337E1
3.653650E0	6.003116E-1	-1.146889E-1	6.111690E-1	3.119473E-1	-6.932162E-1	7.601709E-1	-6.826305E0	-2.077571E1	2.186844E1
3.670333E0	6.040703E-1	-1.308802E-1	6.180861E-1	2.859517E-1	-9.878331E-1	1.028388E0	-6.381111E0	6.826305E0	9.344357E0
3.687017E0	6.098528E-1	-1.476496E-1	6.274718E-1	1.559736E-1	-5.025817E-1	5.262283E-1	-6.826305E0	2.522765E1	2.613489E1
3.703700E0	6.092746E-1	-1.476496E-1	6.269098E-1	-8.665202E-3	-0.000000E0	8.665202E-3	-5.490723E0	1.869814E1	1.948765E1
3.720383E0	6.095637E-1	-1.476496E-1	6.271908E-1	8.665202E-3	4.332601E-2	4.418404E-2			
3.737067E0	6.095637E-1	-1.462040E-1	6.268521E-1						
