	mass B		
t	x	y	
27.194	-0.137	-0.112
27.211	-0.137	-0.113
27.227	-0.137	-0.113
27.244	-0.139	-0.113
27.261	-0.153	-0.111
27.277	-0.159	-0.108
27.294	-0.165	-0.106
27.311	-0.172	-0.105
27.327	-0.179	-0.102
27.344	-0.183	-9.824E-2
27.361	-0.184	-9.410E-2
27.377	-0.183	-9.030E-2
27.394	-0.180	-8.615E-2
27.411	-0.174	-8.099E-2
27.427	-0.167	-7.542E-2
27.444	-0.159	-6.935E-2
27.461	-0.151	-6.408E-2
27.477	-0.142	-6.019E-2
27.494	-0.133	-5.864E-2
27.511	-0.123	-5.996E-2
27.528	-0.112	-6.430E-2
27.544	-0.102	-7.132E-2
27.561	-9.324E-2	-8.002E-2
27.578	-8.746E-2	-8.920E-2
27.594	-8.375E-2	-9.705E-2
27.611	-8.407E-2	-0.104
27.628	-8.738E-2	-0.110
27.644	-8.629E-2	-0.110
27.661	-8.605E-2	-0.110
27.678	-8.620E-2	-0.110
27.694	-8.648E-2	-0.110
27.711	-8.720E-2	-0.110
27.728	-8.961E-2	-0.110
27.744	-9.428E-2	-0.109
27.761	-0.101	-0.109
27.778	-0.110	-0.109
27.794	-0.119	-0.109
27.811	-0.125	-0.107
27.828	-0.130	-0.104
27.844	-0.135	-0.102
27.861	-0.138	-9.816E-2
27.878	-0.139	-9.397E-2
27.895	-0.138	-8.827E-2
27.911	-0.134	-8.190E-2
27.928	-0.129	-7.485E-2
27.945	-0.123	-6.763E-2
27.961	-0.115	-6.021E-2
27.978	-0.107	-5.289E-2
27.995	-9.781E-2	-4.668E-2
28.011	-8.846E-2	-4.282E-2
28.028	-7.985E-2	-4.248E-2
28.045	-6.962E-2	-4.562E-2
28.061	-5.995E-2	-5.350E-2
28.078	-4.968E-2	-6.365E-2
28.095	-4.332E-2	-7.528E-2
28.111	-3.997E-2	-8.566E-2
28.128	-3.996E-2	-9.414E-2
28.145	-4.341E-2	-0.102
28.161	-4.898E-2	-0.107
28.178	-4.991E-2	-0.108
28.195	-4.971E-2	-0.108
28.212	-5.026E-2	-0.108
28.228	-5.408E-2	-0.108
28.245	-5.475E-2	-0.108
28.262	-5.821E-2	-0.108
28.278	-6.197E-2	-0.109
28.295	-6.826E-2	-0.108
28.312	-7.515E-2	-0.108
28.328	-7.970E-2	-0.107
28.345	-8.380E-2	-0.105
28.362	-8.704E-2	-0.102
28.378	-8.798E-2	-9.872E-2
28.395	-8.636E-2	-9.463E-2
28.412	-8.193E-2	-9.027E-2
28.428	-7.617E-2	-8.393E-2
28.445	-6.874E-2	-7.784E-2
28.462	-5.964E-2	-7.076E-2
28.478	-4.962E-2	-6.427E-2
28.495	-3.677E-2	-5.877E-2
28.512	-2.242E-2	-5.734E-2
28.529	-1.046E-2	-6.029E-2
28.545	1.702E-3	-6.656E-2
28.562	1.316E-2	-7.486E-2
28.579	2.196E-2	-8.376E-2
28.595	2.768E-2	-9.255E-2
28.612	3.048E-2	-9.991E-2
28.629	2.971E-2	-0.106
28.645	3.059E-2	-0.106
28.662	3.082E-2	-0.106
28.679	3.100E-2	-0.106
28.695	3.099E-2	-0.106
28.712	3.071E-2	-0.106
28.729	3.048E-2	-0.106
28.745	2.931E-2	-0.106
28.762	2.405E-2	-0.105
28.779	1.664E-2	-0.106
28.795	9.647E-3	-0.105
28.812	4.169E-3	-0.102
28.829	4.245E-5	-9.966E-2
28.845	-4.102E-3	-9.639E-2
28.862	-5.733E-3	-9.247E-2
28.879	-5.913E-3	-8.803E-2
28.896	-3.660E-3	-8.308E-2
28.912	9.046E-4	-7.691E-2
28.929	7.369E-3	-6.996E-2
28.946	1.527E-2	-6.299E-2
28.962	2.490E-2	-5.569E-2
28.979	3.383E-2	-4.840E-2
28.996	4.413E-2	-4.161E-2
29.012	5.521E-2	-3.752E-2
29.029	6.531E-2	-3.646E-2
29.046	7.509E-2	-3.900E-2
29.062	8.708E-2	-4.569E-2
29.079	9.846E-2	-5.499E-2
29.096	0.106	-6.559E-2
29.112	0.111	-7.550E-2
29.129	0.113	-8.445E-2
29.146	0.110	-9.172E-2
29.162	0.106	-9.713E-2
29.179	0.101	-0.103
29.196	0.100	-0.105
29.213	0.101	-0.105
29.229	0.101	-0.105
29.246	0.101	-0.105
29.263	9.965E-2	-0.105
29.279	9.433E-2	-0.105
29.296	8.713E-2	-0.104
29.313	8.337E-2	-0.103
29.329	7.947E-2	-0.102
29.346	7.598E-2	-9.990E-2
29.363	7.257E-2	-9.700E-2
29.379	7.170E-2	-9.372E-2
29.396	7.351E-2	-9.015E-2
29.413	7.832E-2	-8.568E-2
29.429	8.494E-2	-8.060E-2
29.446	9.295E-2	-7.512E-2
29.463	0.102	-6.942E-2
29.479	0.112	-6.434E-2
29.496	0.121	-5.972E-2
29.513	0.132	-5.649E-2
29.530	0.143	-5.629E-2
29.546	0.154	-5.911E-2
29.563	0.166	-6.549E-2
29.580	0.177	-7.499E-2
29.596	0.184	-8.508E-2
29.613	0.189	-9.410E-2
29.630	0.191	-0.102
29.646	0.192	-0.103
29.663	0.192	-0.103
29.680	0.192	-0.103
29.696	0.191	-0.103
29.713	0.190	-0.103
29.730	0.190	-0.102
29.746	0.190	-0.102
29.763	0.188	-0.102
29.780	0.184	-0.102
29.796	0.177	-0.103
29.813	0.170	-0.102
29.830	0.163	-9.924E-2
29.846	0.160	-9.638E-2
29.863	0.156	-9.202E-2
29.880	0.155	-8.708E-2
29.897	0.158	-8.205E-2
29.913	0.162	-7.703E-2
29.930	0.168	-7.025E-2
29.947	0.176	-6.342E-2
29.963	0.185	-5.607E-2
29.980	0.196	-4.799E-2
29.997	0.206	-4.097E-2
30.013	0.216	-3.641E-2
30.030	0.228	-3.514E-2
30.047	0.239	-3.822E-2
30.063	0.251	-4.539E-2
30.080	0.262	-5.492E-2
30.097	0.270	-6.576E-2
30.113	0.276	-7.494E-2
30.130	0.277	-8.362E-2
30.147	0.275	-9.119E-2
30.163	0.271	-9.740E-2
30.180	0.270	-9.983E-2
30.197	0.271	-9.955E-2
30.214	0.271	-9.955E-2
30.230	0.271	-9.940E-2
30.247	0.271	-9.922E-2
30.264	0.268	-9.902E-2
30.280	0.261	-9.932E-2
30.297	0.253	-9.896E-2
30.314	0.246	-9.711E-2
30.330	0.241	-9.489E-2
30.347	0.237	-9.213E-2
30.364	0.233	-8.872E-2
30.380	0.232	-8.451E-2
30.397	0.233	-7.760E-2
30.414	0.237	-6.985E-2
30.430	0.245	-6.066E-2
30.447	0.255	-5.009E-2
30.464	0.266	-4.176E-2
30.480	0.274	-3.411E-2
30.497	0.285	-2.901E-2
30.514	0.295	-2.752E-2
30.531	0.306	-2.954E-2
30.547	0.315	-3.530E-2
30.564	0.325	-4.389E-2
30.581	0.333	-5.397E-2
30.597	0.338	-6.412E-2
30.614	0.340	-7.271E-2
30.631	0.338	-8.046E-2
30.647	0.334	-8.643E-2
30.664	0.329	-9.137E-2
30.681	0.324	-9.460E-2
30.697	0.321	-9.724E-2
30.714	0.318	-9.927E-2
30.731	0.318	-9.953E-2
30.747	0.317	-9.925E-2
30.764	0.317	-9.927E-2
30.781	0.312	-9.941E-2
30.797	0.305	-9.930E-2
30.814	0.300	-9.847E-2
30.831	0.296	-9.721E-2
30.847	0.292	-9.495E-2
30.864	0.291	-9.257E-2
30.881	0.291	-8.925E-2
30.898	0.294	-8.468E-2
30.914	0.298	-7.899E-2
30.931	0.306	-7.319E-2
30.948	0.314	-6.659E-2
30.964	0.323	-6.074E-2
30.981	0.332	-5.499E-2
30.998	0.342	-5.002E-2
31.014	0.353	-4.812E-2
31.031	0.364	-4.964E-2
31.048	0.376	-5.409E-2
31.064	0.387	-6.152E-2
31.081	0.395	-7.192E-2
31.098	0.404	-8.125E-2
31.114	0.408	-8.983E-2
31.131	0.409	-9.696E-2
31.148	0.409	-9.845E-2
31.164	0.409	-9.858E-2
31.181	0.409	-9.845E-2
31.198	0.409	-9.843E-2
31.215	0.409	-9.836E-2
31.231	0.409	-9.818E-2
31.248	0.409	-9.819E-2
31.265	0.406	-9.779E-2
31.281	0.400	-9.811E-2
31.298	0.390	-9.828E-2
31.315	0.383	-9.647E-2
31.331	0.379	-9.393E-2
31.348	0.374	-9.112E-2
31.365	0.371	-8.700E-2
31.381	0.369	-8.281E-2
31.398	0.370	-7.775E-2
31.415	0.374	-7.122E-2
31.431	0.380	-6.381E-2
31.448	0.389	-5.606E-2
31.465	0.399	-4.754E-2
31.481	0.410	-3.957E-2
31.498	0.420	-3.244E-2
31.515	0.431	-2.725E-2
31.532	0.442	-2.486E-2
31.548	0.454	-2.587E-2
31.565	0.465	-3.118E-2
31.582	0.477	-3.989E-2
31.598	0.486	-5.017E-2
31.615	0.492	-6.071E-2
31.632	0.495	-6.994E-2
31.648	0.493	-7.805E-2
31.665	0.489	-8.430E-2
31.682	0.484	-8.977E-2
31.698	0.479	-9.523E-2
31.715	0.475	-9.865E-2
31.732	0.476	-9.871E-2
31.748	0.476	-9.857E-2
31.765	0.476	-9.853E-2
31.782	0.475	-9.826E-2
31.798	0.468	-9.816E-2
31.815	0.460	-9.743E-2
31.832	0.455	-9.599E-2
31.848	0.450	-9.367E-2
31.865	0.446	-9.017E-2
31.882	0.446	-8.633E-2
31.899	0.446	-8.252E-2
31.915	0.450	-7.805E-2
31.932	0.457	-7.311E-2
31.949	0.466	-6.789E-2
31.965	0.476	-6.199E-2
31.982	0.485	-5.601E-2
31.999	0.496	-5.022E-2
32.015	0.508	-4.672E-2
32.032	0.520	-4.701E-2
32.049	0.533	-5.053E-2
32.065	0.544	-5.719E-2
32.082	0.557	-6.765E-2
32.099	0.564	-7.740E-2
32.115	0.568	-8.590E-2
32.132	0.568	-9.336E-2
32.149	0.566	-9.764E-2
32.165	0.567	-9.804E-2
32.182	0.567	-9.798E-2
32.199	0.567	-9.805E-2
32.216	0.567	-9.813E-2
32.232	0.567	-9.801E-2
32.249	0.566	-9.791E-2
32.266	0.563	-9.803E-2
32.282	0.559	-9.783E-2
32.299	0.553	-9.767E-2
32.316	0.544	-9.639E-2
32.332	0.538	-9.398E-2
32.349	0.533	-9.075E-2
32.366	0.528	-8.616E-2
32.382	0.528	-8.142E-2
32.399	0.531	-7.673E-2
32.416	0.535	-7.018E-2
32.432	0.542	-6.327E-2
32.449	0.552	-5.536E-2
32.466	0.563	-4.684E-2
32.482	0.573	-3.909E-2
32.499	0.584	-3.213E-2
32.516	0.596	-2.691E-2
32.533	0.608	-2.504E-2
32.549	0.620	-2.698E-2
32.566	0.631	-3.253E-2
32.583	0.644	-4.161E-2
32.599	0.653	-5.305E-2
32.616	0.659	-6.345E-2
32.633	0.662	-7.333E-2
32.649	0.659	-8.157E-2
32.666	0.655	-8.819E-2
32.683	0.649	-9.523E-2
32.699	0.649	-9.693E-2
32.716	0.648	-9.702E-2
32.733	0.648	-9.690E-2
32.749	0.647	-9.689E-2
32.766	0.640	-9.422E-2
32.783	0.638	-9.620E-2
32.799	0.631	-9.596E-2
32.816	0.623	-9.431E-2
32.833	0.618	-9.241E-2
32.849	0.613	-9.030E-2
32.866	0.610	-8.748E-2
32.883	0.608	-8.449E-2
32.900	0.607	-7.923E-2
32.916	0.611	-7.332E-2
32.933	0.619	-6.654E-2
32.950	0.628	-5.887E-2
32.966	0.638	-5.131E-2
32.983	0.648	-4.329E-2
33.000	0.659	-3.598E-2
33.016	0.672	-3.037E-2
33.033	0.684	-2.795E-2
33.050	0.696	-3.015E-2
33.066	0.708	-3.938E-2
33.083	0.723	-5.099E-2
33.100	0.731	-6.268E-2
33.116	0.735	-7.344E-2
33.133	0.735	-8.266E-2
33.150	0.731	-9.065E-2
33.166	0.725	-9.636E-2
33.183	0.724	-9.732E-2
33.200	0.724	-9.730E-2
33.217	0.724	-9.724E-2
33.233	0.724	-9.715E-2
33.250	0.724	-9.700E-2
33.267	0.723	-9.697E-2
33.283	0.718	-9.718E-2
33.300	0.711	-9.722E-2
33.317	0.704	-9.652E-2
33.333	0.696	-9.492E-2
33.350	0.689	-9.211E-2
33.367	0.685	-8.889E-2
33.383	0.684	-8.469E-2
33.400	0.685	-8.024E-2
33.417	0.688	-7.423E-2
33.433	0.695	-6.691E-2
33.450	0.706	-5.889E-2
33.467	0.718	-5.080E-2
33.483	0.728	-4.280E-2
33.500	0.741	-3.466E-2
33.517	0.754	-2.903E-2
33.534	0.768	-2.662E-2
33.550	0.780	-2.843E-2
33.567	0.794	-3.478E-2
33.584	0.807	-4.456E-2
33.600	0.819	-5.602E-2
33.617	0.825	-6.759E-2
33.634	0.827	-7.808E-2
33.650	0.824	-8.723E-2
33.667	0.818	-9.433E-2
33.684	0.814	-9.869E-2
33.700	0.815	-9.873E-2
33.717	0.815	-9.855E-2
33.734	0.815	-9.848E-2
33.750	0.814	-9.823E-2
33.767	0.811	-9.790E-2
33.784	0.803	-9.815E-2
33.800	0.792	-9.774E-2
33.817	0.784	-9.594E-2
33.834	0.778	-9.392E-2
33.850	0.773	-9.153E-2
33.867	0.769	-8.861E-2
33.884	0.766	-8.498E-2
33.901	0.767	-7.878E-2
33.917	0.771	-7.181E-2
33.934	0.780	-6.508E-2
33.951	0.792	-5.685E-2
33.967	0.803	-4.914E-2
33.984	0.814	-4.118E-2
34.001	0.827	-3.383E-2
34.017	0.841	-2.767E-2
34.034	0.855	-2.471E-2
34.051	0.870	-2.665E-2
34.067	0.885	-3.306E-2
34.084	0.899	-4.271E-2
34.101	0.911	-5.474E-2
34.117	0.917	-6.690E-2
34.134	0.921	-7.788E-2
34.151	0.917	-8.700E-2
34.167	0.912	-9.379E-2
34.184	0.905	-9.921E-2
34.201	0.902	-0.102
34.218	0.902	-0.103
34.234	0.902	-0.103
34.251	0.902	-0.102
34.268	0.900	-0.103
34.284	0.895	-0.102
34.301	0.887	-0.102
34.318	0.882	-0.101
34.334	0.875	-9.935E-2
34.351	0.870	-9.761E-2
34.368	0.865	-9.532E-2
34.384	0.863	-9.229E-2
34.401	0.864	-8.891E-2
34.418	0.868	-8.405E-2
34.434	0.876	-7.740E-2
34.451	0.888	-7.028E-2
34.468	0.901	-6.282E-2
34.484	0.915	-5.545E-2
34.501	0.928	-4.895E-2
34.518	0.943	-4.409E-2
34.535	0.958	-4.294E-2
34.551	0.973	-4.567E-2
34.568	0.988	-5.146E-2
