	mass A									
t	x	y	r	vx	vy	v	ax	ay	a	
0.000000E0	3.179837E-1	-1.519996E-1	3.524450E-1						
1.668333E-2	3.186772E-1	-1.433818E-1	3.494474E-1	1.661231E-1	5.508299E-1	5.753351E-1			
3.336667E-2	3.235266E-1	-1.336203E-1	3.500341E-1	4.179683E-1	6.150389E-1	7.436198E-1	1.277564E1	3.348215E0	1.320710E1
5.005000E-2	3.326234E-1	-1.228600E-1	3.545884E-1	6.027661E-1	6.635508E-1	8.964523E-1	8.715614E0	1.690093E0	8.877970E0
6.673333E-2	3.436389E-1	-1.114798E-1	3.612692E-1	7.011793E-1	6.736716E-1	9.723609E-1	5.979162E0	-2.768623E0	6.589055E0
8.341667E-2	3.560195E-1	-1.003818E-1	3.699005E-1	7.977879E-1	5.784900E-1	9.854523E-1	3.036292E0	-1.064677E1	1.107126E1
1.001000E-1	3.702584E-1	-9.217752E-2	3.815600E-1	8.176754E-1	3.194681E-1	8.778684E-1	1.386403E0	-1.816488E1	1.821771E1
1.167833E-1	3.833026E-1	-8.972222E-2	3.936635E-1	8.203598E-1	-3.799770E-2	8.212393E-1	1.287940E0	-2.088996E1	2.092963E1
1.334667E-1	3.976311E-1	-9.344537E-2	4.084636E-1	8.745254E-1	-3.830159E-1	9.547229E-1	-7.795196E-1	-1.751653E1	1.753386E1
1.501500E-1	4.124826E-1	-1.025022E-1	4.250277E-1	8.054363E-1	-6.293322E-1	1.022148E0	-9.027387E0	-1.053892E1	1.387669E1
1.668333E-1	4.245058E-1	-1.144441E-1	4.396620E-1	5.685835E-1	-7.339415E-1	9.284166E-1	-1.690016E1	-2.381372E0	1.706711E1
1.835167E-1	4.314543E-1	-1.269914E-1	4.497551E-1	2.359755E-1	-7.079298E-1	7.462232E-1	-2.100269E1	3.940937E0	2.136923E1
2.002000E-1	4.323796E-1	-1.380653E-1	4.538878E-1	-1.348651E-1	-5.968053E-1	6.118538E-1	-1.833150E1	5.674084E0	1.918956E1
2.168833E-1	4.269543E-1	-1.469048E-1	4.515207E-1	-3.943908E-1	-5.087852E-1	6.437441E-1	-7.859697E0	5.426979E0	9.551279E0
2.335667E-1	4.192201E-1	-1.550418E-1	4.469714E-1	-3.989355E-1	-4.278350E-1	5.849721E-1	4.661058E0	8.176134E0	9.411410E0
2.502500E-1	4.136431E-1	-1.611802E-1	4.439366E-1	-2.259796E-1	-2.401261E-1	3.297383E-1	9.685226E0	1.059938E1	1.435794E1
2.669333E-1	4.116799E-1	-1.630540E-1	4.427945E-1	-6.201696E-2	-5.447276E-2	8.254323E-2	6.687266E0	7.470359E0	1.002626E1
2.836167E-1	4.115738E-1	-1.629978E-1	4.426752E-1	-2.908254E-3	6.899484E-3	7.487377E-3	-1.875890E0	2.225916E0	2.910956E0
3.003000E-1	4.115828E-1	-1.628238E-1	4.426195E-1	-1.150618E-1	1.227856E-2	1.157151E-1	-1.114153E1	-7.650411E-1	1.116776E1
3.169833E-1	4.077346E-1	-1.625881E-1	4.389560E-1	-3.859945E-1	-1.451084E-2	3.862671E-1	-1.520813E1	-5.430996E-1	1.521782E1
3.336667E-1	3.987035E-1	-1.633080E-1	4.308526E-1	-6.367421E-1	-1.789808E-2	6.369936E-1	-2.981132E0	2.185379E0	3.696353E0
3.503500E-1	3.864887E-1	-1.631853E-1	4.195270E-1	-5.207387E-1	6.191988E-2	5.244071E-1	5.742095E0	6.032318E0	8.328296E0
3.670333E-1	3.813282E-1	-1.612419E-1	4.140171E-1	-3.633876E-1	1.855027E-1	4.079973E-1	6.423880E0	7.194510E0	9.645061E0
3.837167E-1	3.743636E-1	-1.569957E-1	4.059504E-1	-3.602219E-1	3.064788E-1	4.729578E-1	7.691321E0	5.996649E0	9.752754E0
4.004000E-1	3.693088E-1	-1.510158E-1	3.989921E-1	-1.102165E-1	3.865587E-1	4.019643E-1	1.701181E1	5.057906E0	1.774780E1
4.170833E-1	3.706861E-1	-1.440975E-1	3.977087E-1	2.328384E-1	4.682097E-1	5.229092E-1	1.795948E1	4.859109E0	1.860521E1
4.337667E-1	3.770778E-1	-1.353932E-1	4.006482E-1	4.892667E-1	5.551888E-1	7.400112E-1	1.262953E1	2.954824E0	1.297058E1
4.504500E-1	3.870113E-1	-1.255727E-1	4.068737E-1	6.546408E-1	5.712034E-1	8.688083E-1	8.048416E0	1.183707E0	8.134996E0
4.671333E-1	3.989210E-1	-1.163340E-1	4.155377E-1	7.538611E-1	5.810302E-1	9.517892E-1	4.065134E0	-2.240949E0	4.641893E0
4.838167E-1	4.121651E-1	-1.061857E-1	4.256236E-1	7.933217E-1	5.194084E-1	9.482322E-1	1.546650E0	-8.164301E0	8.309509E0
5.005000E-1	4.253915E-1	-9.900308E-2	4.367603E-1	7.987512E-1	2.982244E-1	8.526085E-1	9.167323E-1	-1.637719E1	1.640283E1
5.171833E-1	4.388168E-1	-9.623490E-2	4.492453E-1	8.230668E-1	-2.488712E-2	8.234430E-1	2.243339E0	-2.188923E1	2.200388E1
5.338667E-1	4.528545E-1	-9.983348E-2	4.637283E-1	8.734248E-1	-4.362559E-1	9.763145E-1	1.360866E0	-1.946304E1	1.951055E1
5.505500E-1	4.679600E-1	-1.107913E-1	4.808964E-1	8.788000E-1	-7.034050E-1	1.125641E0	-7.027622E0	-8.943120E0	1.137396E1
5.672333E-1	4.821771E-1	-1.233038E-1	4.976933E-1	6.549336E-1	-7.206539E-1	9.737967E-1	-1.713693E1	9.713182E-1	1.716443E1
5.839167E-1	4.898130E-1	-1.348371E-1	5.080333E-1	2.798538E-1	-6.603748E-1	7.172259E-1	-2.276387E1	3.728078E0	2.306713E1
6.006000E-1	4.915149E-1	-1.453383E-1	5.125525E-1	-9.859716E-2	-5.963418E-1	6.044377E-1	-1.372955E1	8.137234E0	1.595980E1
6.172833E-1	4.865231E-1	-1.547351E-1	5.105367E-1	-2.212969E-1	-4.062527E-1	4.626160E-1	5.239149E-2	1.341379E1	1.341389E1
6.339667E-1	4.841310E-1	-1.588936E-1	5.095390E-1	-5.811249E-2	-1.262192E-1	1.389545E-1	6.525888E0	1.195301E1	1.361843E1
6.506500E-1	4.845841E-1	-1.589466E-1	5.099860E-1	1.186901E-2	4.246416E-3	1.260577E-2	1.400050E0	4.407135E0	4.624173E0
6.673333E-1	4.845270E-1	-1.587519E-1	5.098711E-1	-2.488325E-2	6.162616E-3	2.563501E-2	-3.167855E0	-8.199665E-2	3.168916E0
6.840167E-1	4.837538E-1	-1.587409E-1	5.091330E-1	-9.134890E-2	-9.013134E-4	9.135335E-2	-8.257646E0	-5.343824E-1	8.274919E0
7.007000E-1	4.814790E-1	-1.587819E-1	5.069849E-1	-2.884752E-1	-1.021732E-2	2.886561E-1	-1.133501E1	-5.341815E-1	1.134759E1
7.173833E-1	4.741284E-1	-1.590819E-1	5.001047E-1	-4.983440E-1	-2.037699E-2	4.987604E-1	-1.127907E1	3.714980E-1	1.128519E1
7.340667E-1	4.648509E-1	-1.594619E-1	4.914412E-1	-6.466514E-1	-5.711568E-4	6.466516E-1	-9.683221E-1	3.521709E0	3.652408E0
7.507500E-1	4.525518E-1	-1.591009E-1	4.797043E-1	-5.718943E-1	9.354519E-2	5.794944E-1	6.753581E0	5.060340E0	8.439070E0
7.674333E-1	4.457687E-1	-1.563406E-1	4.723898E-1	-3.668171E-1	1.831249E-1	4.099872E-1	9.528345E0	6.345129E0	1.144771E1
7.841167E-1	4.403123E-1	-1.529907E-1	4.661342E-1	-2.738256E-1	2.876311E-1	3.971298E-1	7.709542E0	6.161489E0	9.869194E0
8.008000E-1	4.366320E-1	-1.467433E-1	4.606312E-1	-1.151156E-1	4.064332E-1	4.224211E-1	1.160015E1	6.081636E0	1.309770E1
8.174833E-1	4.364713E-1	-1.394293E-1	4.582005E-1	1.175904E-1	4.811721E-1	4.953323E-1	1.376113E1	4.551717E0	1.449437E1
8.341667E-1	4.405556E-1	-1.306882E-1	4.595309E-1	3.502651E-1	5.607113E-1	6.611224E-1	1.128930E1	3.606951E0	1.185151E1
8.508500E-1	4.481585E-1	-1.207203E-1	4.641330E-1	4.999151E-1	6.048627E-1	7.847127E-1	9.385914E0	2.244345E0	9.650516E0
8.675333E-1	4.572361E-1	-1.105059E-1	4.704003E-1	6.463954E-1	6.299299E-1	9.025734E-1	4.611935E0	-2.079836E0	5.059215E0
8.842167E-1	4.697265E-1	-9.970161E-2	4.801910E-1	6.857039E-1	5.529807E-1	8.808958E-1	4.139091E0	-7.222819E0	8.324733E0
9.009000E-1	4.801158E-1	-9.205479E-2	4.888612E-1	7.357544E-1	3.717386E-1	8.243325E-1	1.590024E0	-1.529945E1	1.538185E1
9.175833E-1	4.942762E-1	-8.729793E-2	5.019262E-1	7.886364E-1	6.299464E-2	7.911484E-1	7.104459E-1	-2.289964E1	2.291066E1
9.342667E-1	5.064300E-1	-8.995287E-2	5.143567E-1	7.264270E-1	-4.079014E-1	8.331145E-1	2.651707E0	-2.350062E1	2.364975E1
9.509500E-1	5.185147E-1	-1.009082E-1	5.282423E-1	8.650200E-1	-7.475076E-1	1.143253E0	-1.840028E0	-9.962310E0	1.013081E1
9.676333E-1	5.352928E-1	-1.148947E-1	5.474844E-1	7.430376E-1	-7.441804E-1	1.051622E0	-1.437399E1	3.719054E0	1.484732E1
9.843167E-1	5.433073E-1	-1.257391E-1	5.576676E-1	3.140365E-1	-5.918421E-1	6.699969E-1	-2.327785E1	7.335571E0	2.440633E1
1.001000E0	5.457712E-1	-1.346425E-1	5.621341E-1	-1.975641E-2	-5.009277E-1	5.013172E-1	-1.795333E1	4.479189E0	1.850365E1
1.017683E0	5.426481E-1	-1.424533E-1	5.610347E-1	-2.938448E-1	-4.446958E-1	5.330095E-1	-1.089133E1	3.002677E0	1.129766E1
1.034367E0	5.359665E-1	-1.494805E-1	5.564212E-1	-3.910633E-1	-4.015187E-1	5.604889E-1	2.230231E0	7.240260E0	7.575968E0
1.051050E0	5.295997E-1	-1.558507E-1	5.520555E-1	-2.240152E-1	-2.234652E-1	3.164166E-1	9.545875E0	9.990149E0	1.381763E1
1.067733E0	5.284919E-1	-1.569368E-1	5.513010E-1	-3.355561E-2	-3.066640E-2	4.545775E-2	6.915909E0	7.203693E0	9.986140E0
1.084417E0	5.284800E-1	-1.568739E-1	5.512718E-1	-5.677560E-3	4.070407E-3	6.985907E-3	-1.301713E0	1.179703E0	1.756746E0
1.101100E0	5.283025E-1	-1.568010E-1	5.510808E-1	-7.404308E-2	3.926657E-3	7.414713E-2	-1.005904E1	-3.288650E-1	1.006442E1
1.117783E0	5.260094E-1	-1.567429E-1	5.488664E-1	-3.310596E-1	-5.753588E-3	3.311096E-1	-1.448769E1	-6.204081E-2	1.448782E1
1.134467E0	5.172561E-1	-1.569930E-1	5.405559E-1	-5.938316E-1	-2.502291E-3	5.938369E-1	-6.052720E0	2.670280E0	6.615574E0
1.151150E0	5.061953E-1	-1.568264E-1	5.299322E-1	-5.423515E-1	7.845073E-2	5.479960E-1	7.219693E0	4.455817E0	8.484001E0
1.167833E0	4.991596E-1	-1.543753E-1	5.224864E-1	-3.227289E-1	1.618222E-1	3.610269E-1	8.940969E0	5.221612E0	1.035404E1
1.184517E0	4.954269E-1	-1.514269E-1	5.180520E-1	-2.318189E-1	2.383525E-1	3.324935E-1	7.974860E0	5.001314E0	9.413370E0
1.201200E0	4.914246E-1	-1.464223E-1	5.127745E-1	-9.393474E-2	3.386524E-1	3.514387E-1	1.102910E1	4.184029E0	1.179606E1
1.217883E0	4.922926E-1	-1.401272E-1	5.118473E-1	1.631653E-1	3.798460E-1	4.134077E-1	1.378373E1	4.002603E0	1.435311E1
1.234567E0	4.968689E-1	-1.337481E-1	5.145554E-1	3.640620E-1	4.567712E-1	5.841071E-1	1.141355E1	3.692968E0	1.199613E1
1.251250E0	5.044401E-1	-1.248863E-1	5.196695E-1	5.412725E-1	5.248684E-1	7.539647E-1	8.469109E0	2.710859E0	8.892388E0
1.267933E0	5.149294E-1	-1.162350E-1	5.278852E-1	6.550510E-1	5.327625E-1	8.443505E-1	5.560088E0	-4.289708E-1	5.576611E0
1.284617E0	5.262970E-1	-1.071098E-1	5.370857E-1	7.167668E-1	5.194458E-1	8.851998E-1	5.564821E0	-5.184659E0	7.605782E0
1.301300E0	5.388455E-1	-9.890282E-2	5.478469E-1	8.352155E-1	3.676322E-1	9.125450E-1	3.936268E0	-1.366054E1	1.421635E1
1.317983E0	5.541653E-1	-9.484312E-2	5.622228E-1	8.732189E-1	5.846794E-2	8.751741E-1	1.301345E0	-2.077363E1	2.081435E1
1.334667E0	5.679819E-1	-9.695194E-2	5.761971E-1	8.506817E-1	-3.313065E-1	9.129202E-1	-2.076807E-1	-2.020313E1	2.020420E1
1.351350E0	5.825498E-1	-1.058977E-1	5.920967E-1	8.784146E-1	-6.338313E-1	1.083215E0	-5.687593E0	-1.177344E1	1.307527E1
1.368033E0	5.972916E-1	-1.181008E-1	6.088556E-1	6.872350E-1	-7.238524E-1	9.981254E-1	-1.458977E1	-2.460253E0	1.479575E1
1.384717E0	6.054805E-1	-1.300503E-1	6.192897E-1	3.542570E-1	-7.018607E-1	7.861974E-1	-2.105967E1	2.805130E0	2.124567E1
1.401400E0	6.091120E-1	-1.415195E-1	6.253361E-1	4.088486E-3	-6.347582E-1	6.347714E-1	-1.299854E1	1.113268E1	1.711428E1
1.418083E0	6.056169E-1	-1.512300E-1	6.242134E-1	-1.320386E-1	-3.504778E-1	3.745249E-1	-2.206918E0	1.568672E1	1.584120E1
1.434767E0	6.047063E-1	-1.532138E-1	6.238142E-1	-2.161545E-2	-6.098624E-2	6.470355E-2	4.171822E0	1.119198E1	1.194422E1
1.451450E0	6.048957E-1	-1.532649E-1	6.240104E-1	6.243926E-3	5.242061E-3	8.152657E-3	3.909432E-1	2.250331E0	2.284037E0
1.468133E0	6.049147E-1	-1.530389E-1	6.239733E-1	-1.275457E-2	8.867500E-3	1.553421E-2	-1.653639E0	3.969820E-1	1.700622E0
1.484817E0	6.044701E-1	-1.529691E-1	6.235252E-1	-4.898166E-2	1.449154E-2	5.108040E-2	-5.728046E0	-3.094129E-1	5.736396E0
1.501500E0	6.032803E-1	-1.525554E-1	6.222703E-1	-1.911570E-1	4.986694E-3	1.912220E-1	-9.366935E0	-7.621009E-1	9.397886E0
1.518183E0	5.980918E-1	-1.528027E-1	6.173026E-1	-3.823774E-1	-1.766381E-2	3.827852E-1	-1.195694E1	-4.142251E-1	1.196411E1
1.534867E0	5.905217E-1	-1.531447E-1	6.100567E-1	-5.759397E-1	-8.527022E-3	5.760029E-1	-5.699311E0	3.003605E0	6.442344E0
1.551550E0	5.788746E-1	-1.530872E-1	5.987750E-1	-6.098648E-1	7.601741E-2	6.145842E-1	4.229780E0	5.352949E0	6.822397E0
1.568233E0	5.701725E-1	-1.506083E-1	5.897284E-1	-4.083191E-1	1.840405E-1	4.478788E-1	1.024860E1	5.844323E0	1.179788E1
1.584917E0	5.652504E-1	-1.469464E-1	5.840387E-1	-2.540042E-1	2.643751E-1	3.666229E-1	9.697000E0	6.199747E0	1.150950E1
1.601600E0	5.616972E-1	-1.417870E-1	5.793163E-1	-1.046938E-1	3.874868E-1	4.013811E-1	1.072125E1	6.664849E0	1.262400E1
1.618283E0	5.617571E-1	-1.340172E-1	5.775220E-1	1.131534E-1	4.980773E-1	5.107687E-1	1.289457E1	5.471343E0	1.400733E1
1.634967E0	5.654728E-1	-1.251678E-1	5.791601E-1	3.265555E-1	5.634061E-1	6.512027E-1	1.134413E1	3.574721E0	1.189403E1
1.651650E0	5.726532E-1	-1.152182E-1	5.841292E-1	4.962742E-1	6.189298E-1	7.933234E-1	9.395653E0	2.501509E0	9.722955E0
1.668333E0	5.820318E-1	-1.045162E-1	5.913414E-1	6.338094E-1	6.477161E-1	9.062287E-1	5.683577E0	-1.450034E0	5.865633E0
1.685017E0	5.938013E-1	-9.360611E-2	6.011340E-1	6.980386E-1	5.797116E-1	9.073717E-1	3.136907E0	-7.884549E0	8.485653E0
1.701700E0	6.053230E-1	-8.517313E-2	6.112859E-1	7.216810E-1	3.804010E-1	8.157992E-1	1.541578E0	-1.461348E1	1.469456E1
1.718383E0	6.178814E-1	-8.091340E-2	6.231568E-1	7.585805E-1	9.052267E-2	7.639625E-1	1.992428E0	-1.912241E1	1.922593E1
1.735067E0	6.306343E-1	-8.215269E-2	6.359628E-1	7.827671E-1	-2.602966E-1	8.249113E-1	1.949044E-1	-1.856002E1	1.856104E1
1.751750E0	6.439997E-1	-8.959863E-2	6.502027E-1	7.734487E-1	-5.443593E-1	9.458065E-1	-6.256319E0	-1.320262E1	1.460995E1
1.768433E0	6.564417E-1	-1.003161E-1	6.640625E-1	5.862716E-1	-6.947827E-1	9.090860E-1	-1.407349E1	-3.838113E0	1.458747E1
1.785117E0	6.635616E-1	-1.127812E-1	6.730777E-1	2.828098E-1	-6.826033E-1	7.388698E-1	-1.868801E1	3.113555E0	1.894561E1
1.801800E0	6.658781E-1	-1.230923E-1	6.771598E-1	-3.131984E-2	-5.716031E-1	5.724605E-1	-1.678244E1	5.581003E0	1.768609E1
1.818483E0	6.625166E-1	-1.318537E-1	6.755099E-1	-2.922530E-1	-4.964379E-1	5.760750E-1	-9.397695E0	4.605564E0	1.046556E1
1.835167E0	6.561266E-1	-1.396568E-1	6.708250E-1	-3.510745E-1	-4.227805E-1	5.495422E-1	-1.549913E-1	5.453399E0	5.455601E0
1.851850E0	6.508024E-1	-1.459605E-1	6.669695E-1	-2.808077E-1	-3.147520E-1	4.218077E-1	6.183482E0	8.182706E0	1.025632E1
1.868533E0	6.467570E-1	-1.501590E-1	6.639596E-1	-1.513795E-1	-1.523348E-1	2.147595E-1	7.115941E0	8.365811E0	1.098287E1
1.885217E0	6.457514E-1	-1.510434E-1	6.631809E-1	-2.750083E-2	-2.084137E-2	3.450591E-2	4.593836E0	5.018894E0	6.803868E0
1.901900E0	6.458394E-1	-1.508545E-1	6.632236E-1	-8.703736E-4	1.027896E-2	1.031574E-2	-4.319160E0	8.369039E-1	4.399494E0
1.918583E0	6.457223E-1	-1.507004E-1	6.630746E-1	-1.566754E-1	3.069967E-3	1.567054E-1	-1.280341E1	-5.603120E-1	1.281567E1
1.935267E0	6.406117E-1	-1.507520E-1	6.581105E-1	-4.495061E-1	-9.161538E-3	4.495994E-1	-1.002619E1	1.690716E0	1.016774E1
1.951950E0	6.307238E-1	-1.510061E-1	6.485487E-1	-5.209842E-1	4.939780E-2	5.233208E-1	1.133117E0	4.148731E0	4.300689E0
1.968633E0	6.232282E-1	-1.491038E-1	6.408161E-1	-3.805769E-1	1.442778E-1	4.070072E-1	6.593919E0	6.103331E0	8.985011E0
1.985317E0	6.180252E-1	-1.461920E-1	6.350806E-1	-2.941124E-1	2.427159E-1	3.813308E-1	6.970131E0	5.342231E0	8.781922E0
2.002000E0	6.134146E-1	-1.410052E-1	6.294124E-1	-1.682027E-1	3.343415E-1	3.742677E-1	1.207805E1	3.908891E0	1.269483E1
2.018683E0	6.124129E-1	-1.350362E-1	6.271238E-1	1.125957E-1	3.685593E-1	3.853748E-1	1.519042E1	2.871638E0	1.545947E1
2.035367E0	6.171716E-1	-1.287076E-1	6.304493E-1	3.616142E-1	4.235702E-1	5.569349E-1	1.374553E1	5.253106E0	1.471512E1
2.052050E0	6.244787E-1	-1.209030E-1	6.360749E-1	5.520973E-1	5.440446E-1	7.751103E-1	9.873339E0	3.168489E0	1.036929E1
2.068733E0	6.355932E-1	-1.105546E-1	6.451365E-1	7.069267E-1	5.541975E-1	8.982651E-1	4.662626E0	-2.014494E0	5.079200E0
2.085417E0	6.480665E-1	-1.024113E-1	6.561085E-1	7.085891E-1	4.521856E-1	8.405774E-1	1.649320E0	-8.042414E0	8.209792E0
2.102100E0	6.592365E-1	-9.546668E-2	6.661131E-1	7.355486E-1	3.014308E-1	7.949165E-1	9.688176E-1	-1.194388E1	1.198311E1
2.118783E0	6.726093E-1	-9.235358E-2	6.789201E-1	7.698856E-1	4.605845E-2	7.712621E-1	1.830705E0	-1.670654E1	1.680655E1
2.135467E0	6.849250E-1	-9.392986E-2	6.913357E-1	7.731550E-1	-2.566012E-1	8.146244E-1	1.706410E0	-1.646589E1	1.655407E1
2.152150E0	6.984069E-1	-1.009155E-1	7.056601E-1	8.371830E-1	-5.157362E-1	9.832900E-1	-4.582261E0	-1.305908E1	1.383968E1
2.168833E0	7.128590E-1	-1.111383E-1	7.214705E-1	6.539088E-1	-6.863802E-1	9.480055E-1	-1.346277E1	-5.496168E0	1.454146E1
2.185517E0	7.202257E-1	-1.238177E-1	7.307913E-1	3.379523E-1	-7.130152E-1	7.890516E-1	-1.833190E1	2.197601E0	1.846315E1
2.202200E0	7.241353E-1	-1.349292E-1	7.365988E-1	6.688934E-2	-5.987231E-1	6.024480E-1	-1.266520E1	1.075393E1	1.661488E1
2.218883E0	7.224576E-1	-1.437951E-1	7.366288E-1	-1.155457E-1	-3.653956E-1	3.832294E-1	-3.667365E0	1.408562E1	1.455521E1
2.235567E0	7.202800E-1	-1.471212E-1	7.351516E-1	-4.767288E-2	-1.044677E-1	1.148312E-1	3.360586E0	1.094548E1	1.144977E1
2.252250E0	7.208669E-1	-1.472809E-1	7.357586E-1	2.399627E-2	1.616863E-3	2.405068E-2	1.536745E0	3.788939E0	4.088721E0
2.268933E0	7.210806E-1	-1.470673E-1	7.359253E-1	-8.398574E-3	1.174580E-2	1.443953E-2	-1.812069E0	3.377648E-1	1.843279E0
2.285617E0	7.205867E-1	-1.468889E-1	7.354057E-1	-3.951376E-2	1.095034E-2	4.100302E-2	-5.129104E0	-4.872009E-1	5.152191E0
2.302300E0	7.197622E-1	-1.467019E-1	7.345605E-1	-1.630994E-1	-2.348318E-3	1.631163E-1	-9.782831E0	-7.474200E-1	9.811341E0
2.318983E0	7.151446E-1	-1.469673E-1	7.300898E-1	-3.819721E-1	-1.765065E-2	3.823797E-1	-1.209159E1	-1.211851E-1	1.209220E1
2.335667E0	7.070171E-1	-1.472909E-1	7.221964E-1	-5.687194E-1	-6.758141E-3	5.687595E-1	-5.409934E0	2.314198E0	5.884123E0
2.352350E0	6.961683E-1	-1.471928E-1	7.115589E-1	-5.806974E-1	5.623226E-2	5.834137E-1	4.328736E0	4.716720E0	6.401984E0
2.369033E0	6.876411E-1	-1.454146E-1	7.028483E-1	-4.075496E-1	1.561277E-1	4.364315E-1	8.187475E0	5.608622E0	9.924282E0
2.385717E0	6.825697E-1	-1.419833E-1	6.971805E-1	-2.898721E-1	2.447511E-1	3.793797E-1	9.038833E0	5.125210E0	1.039078E1
2.402400E0	6.779691E-1	-1.372480E-1	6.917218E-1	-1.365997E-1	3.253037E-1	3.528200E-1	1.101797E1	5.691602E0	1.240121E1
2.419083E0	6.780119E-1	-1.311290E-1	6.905758E-1	1.013892E-1	4.316572E-1	4.434047E-1	1.365917E1	5.605425E0	1.476461E1
2.435767E0	6.813521E-1	-1.228451E-1	6.923377E-1	3.116030E-1	5.214005E-1	6.074165E-1	1.052626E1	3.811971E0	1.119524E1
2.452450E0	6.884090E-1	-1.137316E-1	6.977405E-1	4.644073E-1	5.553808E-1	7.239627E-1	7.904516E0	1.743253E0	8.094462E0
2.469133E0	6.968478E-1	-1.043139E-1	7.046121E-1	5.630890E-1	5.768564E-1	8.061220E-1	5.412827E0	-3.671920E-1	5.425267E0
2.485817E0	7.071974E-1	-9.448386E-2	7.134812E-1	6.510730E-1	5.508379E-1	8.528297E-1	5.115710E0	-5.608329E0	7.591037E0
2.502500E0	7.185719E-1	-8.593425E-2	7.236921E-1	7.278047E-1	3.939297E-1	8.275750E-1	3.082168E0	-1.276974E1	1.313644E1
2.519183E0	7.314818E-1	-8.133974E-2	7.359904E-1	7.640671E-1	1.187475E-1	7.732396E-1	9.992783E-2	-1.709982E1	1.710012E1
2.535867E0	7.440663E-1	-8.197204E-2	7.485680E-1	7.258458E-1	-1.836378E-1	7.487155E-1	-7.256246E-1	-1.799836E1	1.801299E1
2.552550E0	7.557009E-1	-8.746712E-2	7.607459E-1	7.286476E-1	-4.795985E-1	8.723199E-1	-4.152532E0	-1.451440E1	1.509673E1
2.569233E0	7.683788E-1	-9.797464E-2	7.745999E-1	6.202443E-1	-6.825092E-1	9.222374E-1	-1.074351E1	-6.143394E0	1.237595E1
2.585917E0	7.763964E-1	-1.102402E-1	7.841838E-1	3.451452E-1	-6.853038E-1	7.673112E-1	-1.734309E1	2.443667E0	1.751440E1
2.602600E0	7.798952E-1	-1.208409E-1	7.892015E-1	4.618557E-2	-5.862178E-1	5.880344E-1	-1.675186E1	6.201243E0	1.786282E1
2.619283E0	7.779374E-1	-1.298003E-1	7.886918E-1	-2.257064E-1	-4.796569E-1	5.301076E-1	-1.101479E1	6.098165E0	1.259021E1
2.635967E0	7.723641E-1	-1.368455E-1	7.843934E-1	-3.295795E-1	-3.794928E-1	5.026305E-1	-1.517278E0	7.043603E0	7.205170E0
2.652650E0	7.669405E-1	-1.424627E-1	7.800598E-1	-2.677622E-1	-2.526150E-1	3.681181E-1	6.813262E0	8.399066E0	1.081503E1
2.669333E0	7.634298E-1	-1.452744E-1	7.771291E-1	-1.019944E-1	-9.223416E-2	1.375136E-1	7.016576E0	7.113897E0	9.991990E0
2.686017E0	7.635372E-1	-1.455403E-1	7.772844E-1	-8.689726E-3	-6.769317E-3	1.101522E-2	1.540432E0	3.332492E0	3.671299E0
2.702700E0	7.631398E-1	-1.455003E-1	7.768866E-1	-6.458558E-2	9.643611E-3	6.530158E-2	-7.557962E0	4.968407E-1	7.574275E0
2.719383E0	7.613822E-1	-1.452185E-1	7.751073E-1	-2.497333E-1	1.135994E-2	2.499915E-1	-1.168220E1	-3.859891E-3	1.168220E1
2.736067E0	7.548071E-1	-1.451212E-1	7.686312E-1	-4.778484E-1	6.765502E-3	4.778963E-1	-6.905266E0	1.648468E0	7.099306E0
2.752750E0	7.454380E-1	-1.449928E-1	7.594082E-1	-4.932046E-1	5.995655E-2	4.968355E-1	2.987956E0	3.928323E0	4.935544E0
2.769433E0	7.383505E-1	-1.431207E-1	7.520937E-1	-3.564244E-1	1.475835E-1	3.857709E-1	6.363921E0	5.475639E0	8.395363E0
2.786117E0	7.335453E-1	-1.400684E-1	7.467984E-1	-2.732027E-1	2.375085E-1	3.620083E-1	8.139170E0	6.221959E0	1.024494E1
2.802800E0	7.292346E-1	-1.351958E-1	7.416610E-1	-1.113855E-1	3.565152E-1	3.735101E-1	1.191758E1	3.679929E0	1.247280E1
2.819483E0	7.298288E-1	-1.281727E-1	7.409982E-1	1.482407E-1	3.771741E-1	4.052599E-1	1.298845E1	-2.148829E-1	1.299023E1
2.836167E0	7.341809E-1	-1.226108E-1	7.443487E-1	3.241365E-1	3.283440E-1	4.613830E-1	9.348054E0	2.109315E-1	9.350434E0
2.852850E0	7.406441E-1	-1.172169E-1	7.498623E-1	4.527993E-1	3.808148E-1	5.916478E-1	9.968937E0	2.898610E0	1.038179E1
2.869533E0	7.492893E-1	-1.099043E-1	7.573067E-1	6.478849E-1	4.417243E-1	7.841398E-1	8.131336E0	1.824388E0	8.333488E0
2.886217E0	7.622619E-1	-1.024780E-1	7.691196E-1	7.550463E-1	4.357811E-1	8.717798E-1	3.887970E0	-4.350906E0	5.834954E0
2.902900E0	7.744827E-1	-9.536370E-2	7.803318E-1	7.501323E-1	3.100226E-1	8.116726E-1	-9.579031E-1	-1.061729E1	1.066041E1
2.919583E0	7.872913E-1	-9.213363E-2	7.926640E-1	7.358876E-1	6.759470E-2	7.389855E-1	3.617844E-2	-1.568085E1	1.568089E1
2.936267E0	7.990368E-1	-9.310829E-2	8.044433E-1	7.352581E-1	-2.108008E-1	7.648800E-1	4.714451E-1	-1.637298E1	1.637977E1
2.952950E0	8.118244E-1	-9.916735E-2	8.178588E-1	7.652675E-1	-4.866178E-1	9.068800E-1	-2.735607E0	-1.334751E1	1.362496E1
2.969633E0	8.245712E-1	-1.093451E-1	8.317897E-1	6.547788E-1	-6.622113E-1	9.312675E-1	-1.048087E1	-5.598264E0	1.188231E1
2.986317E0	8.336722E-1	-1.212631E-1	8.424453E-1	4.046363E-1	-6.761417E-1	7.879709E-1	-1.566469E1	2.846201E0	1.592117E1
3.003000E0	8.380726E-1	-1.319057E-1	8.483895E-1	1.269971E-1	-5.600014E-1	5.742211E-1	-1.297728E1	1.115052E1	1.710977E1
3.019683E0	8.379097E-1	-1.399485E-1	8.495164E-1	-4.262809E-2	-3.116355E-1	3.145375E-1	-4.652714E0	1.397092E1	1.472529E1
3.036367E0	8.366502E-1	-1.423039E-1	8.486660E-1	-2.527360E-2	-6.688333E-2	7.149919E-2	9.147483E-1	9.548156E0	9.591874E0
3.053050E0	8.370664E-1	-1.421802E-1	8.490555E-1	9.186859E-3	4.281454E-3	1.013554E-2	6.448481E-1	2.424932E0	2.509208E0
3.069733E0	8.369568E-1	-1.421611E-1	8.489443E-1	-1.432461E-2	2.346415E-3	1.451551E-2	-9.227322E-1	2.044395E-1	9.451086E-1
3.086417E0	8.365884E-1	-1.421019E-1	8.485712E-1	-2.163092E-2	1.085087E-2	2.419996E-2	-3.812226E0	-1.400082E-1	3.814796E0
3.103100E0	8.362350E-1	-1.417990E-1	8.481721E-1	-1.254010E-1	1.910352E-3	1.254156E-1	-5.857317E0	-3.842139E-1	5.869905E0
3.119783E0	8.324042E-1	-1.420382E-1	8.444357E-1	-2.447499E-1	-8.488425E-3	2.448971E-1	-7.197436E0	5.610330E-2	7.197655E0
3.136467E0	8.280685E-1	-1.420823E-1	8.401695E-1	-3.431009E-1	6.470797E-3	3.431619E-1	-8.933810E0	1.065722E0	8.997151E0
3.153150E0	8.209561E-1	-1.418222E-1	8.331161E-1	-5.471907E-1	2.718338E-2	5.478655E-1	-6.120978E0	3.378416E0	6.991428E0
3.169833E0	8.098106E-1	-1.411752E-1	8.220241E-1	-5.822421E-1	1.109056E-1	5.927107E-1	4.246565E0	5.297757E0	6.789665E0
3.186517E0	8.015286E-1	-1.381217E-1	8.133423E-1	-3.803002E-1	2.179178E-1	4.383109E-1	1.167334E1	5.755887E0	1.301526E1
3.203200E0	7.971213E-1	-1.339040E-1	8.082899E-1	-1.833667E-1	2.963976E-1	3.485325E-1	1.329166E1	4.915426E0	1.417144E1
3.219883E0	7.954102E-1	-1.282319E-1	8.056804E-1	4.816509E-2	3.832236E-1	3.862385E-1	1.308136E1	5.394837E0	1.415013E1
3.236567E0	7.987284E-1	-1.211172E-1	8.078591E-1	2.739161E-1	4.755216E-1	5.487721E-1	1.249024E1	3.882411E0	1.307973E1
3.253250E0	8.045499E-1	-1.123653E-1	8.123586E-1	4.503420E-1	5.211056E-1	6.887372E-1	9.316452E0	2.549487E0	9.658994E0
3.269933E0	8.137548E-1	-1.037296E-1	8.203394E-1	5.966167E-1	5.482161E-1	8.102422E-1	6.445210E0	-7.613227E-2	6.445660E0
3.286617E0	8.244570E-1	-9.407318E-2	8.298067E-1	6.609536E-1	5.341779E-1	8.498269E-1	2.536233E0	-3.501424E0	4.323476E0
3.303300E0	8.358086E-1	-8.590586E-2	8.402118E-1	6.803942E-1	4.236750E-1	8.015216E-1	1.080193E0	-1.025603E1	1.031276E1
3.319983E0	8.471595E-1	-7.993655E-2	8.509225E-1	6.924810E-1	2.018072E-1	7.212878E-1	1.866076E0	-1.608345E1	1.619135E1
3.336667E0	8.589144E-1	-7.917222E-2	8.625556E-1	7.409290E-1	-1.238914E-1	7.512156E-1	1.793053E0	-1.873320E1	1.881881E1
3.353350E0	8.718818E-1	-8.407040E-2	8.759257E-1	7.630015E-1	-4.299768E-1	8.758147E-1	-2.866209E-1	-1.430242E1	1.430529E1
3.370033E0	8.843732E-1	-9.351912E-2	8.893041E-1	7.254263E-1	-6.096525E-1	9.475861E-1	-9.354957E0	-7.641310E0	1.207911E1
3.386717E0	8.960869E-1	-1.044125E-1	9.021495E-1	4.782227E-1	-6.747191E-1	8.270084E-1	-1.638335E1	2.377224E-2	1.638337E1
3.403400E0	9.003299E-1	-1.160322E-1	9.077761E-1	1.351520E-1	-6.198439E-1	6.344072E-1	-1.911303E1	4.736068E0	1.969107E1
3.420083E0	9.005965E-1	-1.250946E-1	9.092429E-1	-1.393849E-1	-4.981226E-1	5.172565E-1	-1.237358E1	6.398289E0	1.392995E1
3.436767E0	8.956791E-1	-1.326529E-1	9.054490E-1	-3.037868E-1	-4.105029E-1	5.106849E-1	-2.384649E0	7.466969E0	7.838506E0
3.453450E0	8.904601E-1	-1.387917E-1	9.012116E-1	-2.135258E-1	-2.588460E-1	3.355511E-1	6.781224E0	9.570683E0	1.172958E1
3.470133E0	8.885544E-1	-1.412898E-1	8.997176E-1	-5.615367E-2	-7.652266E-2	9.491550E-2	6.343144E0	7.902816E0	1.013361E1
3.486817E0	8.885865E-1	-1.413450E-1	8.997579E-1	7.040086E-4	8.488780E-3	8.517923E-3	1.409863E0	2.935355E0	3.256382E0
3.503500E0	8.885779E-1	-1.410065E-1	8.996964E-1	-1.559916E-2	1.507776E-2	2.169499E-2	-4.844682E0	6.063598E-2	4.845062E0
3.520183E0	8.880660E-1	-1.408419E-1	8.991649E-1	-1.482845E-1	7.653310E-3	1.484819E-1	-1.032792E1	-3.067969E-1	1.033247E1
3.536867E0	8.836302E-1	-1.407512E-1	8.947699E-1	-3.759300E-1	5.014130E-3	3.759634E-1	-9.690814E0	1.628585E0	9.826707E0
3.553550E0	8.755224E-1	-1.406746E-1	8.867519E-1	-4.862399E-1	5.498805E-2	4.893393E-1	-6.825640E-1	3.753563E0	3.815118E0
3.570233E0	8.674060E-1	-1.389164E-1	8.784594E-1	-3.959889E-1	1.398026E-1	4.199429E-1	6.001150E0	3.952647E0	7.185904E0
3.586917E0	8.623096E-1	-1.360099E-1	8.729700E-1	-2.657749E-1	1.875960E-1	3.253131E-1	8.410708E0	3.653213E0	9.169840E0
3.603600E0	8.585379E-1	-1.326569E-1	8.687262E-1	-1.305807E-1	2.531508E-1	2.848449E-1	9.921193E0	4.418732E0	1.086072E1
3.620283E0	8.579526E-1	-1.275631E-1	8.673840E-1	7.162910E-2	3.426924E-1	3.500983E-1	1.219221E1	4.691718E0	1.306378E1
3.636967E0	8.609280E-1	-1.212224E-1	8.694204E-1	2.787394E-1	4.088124E-1	4.947962E-1	1.289159E1	4.991348E0	1.382413E1
3.653650E0	8.672532E-1	-1.139224E-1	8.747036E-1	4.982066E-1	5.027960E-1	7.078231E-1	1.020340E1	3.545331E0	1.080180E1
3.670333E0	8.775515E-1	-1.044458E-1	8.837451E-1	6.361731E-1	5.449361E-1	8.376584E-1	4.133225E0	-5.628363E-1	4.171371E0
3.687017E0	8.884801E-1	-9.573966E-2	8.936235E-1	6.283260E-1	4.748188E-1	7.875573E-1	1.149423E0	-5.306640E0	5.429696E0
3.703700E0	8.985166E-1	-8.860268E-2	9.028746E-1	6.563614E-1	3.664904E-1	7.517483E-1	1.966729E0	-9.323983E0	9.529149E0
3.720383E0	9.103807E-1	-8.351110E-2	9.142030E-1	7.131340E-1	1.719470E-1	7.335707E-1	2.653301E0	-1.433377E1	1.457728E1
3.737067E0	9.223115E-1	-8.286538E-2	9.260266E-1	7.348253E-1	-1.186174E-1	7.443375E-1	1.059252E0	-1.717845E1	1.721107E1
3.753750E0	9.348994E-1	-8.746897E-2	9.389823E-1	7.539069E-1	-4.082529E-1	8.573482E-1	-1.352582E0	-1.534247E1	1.540197E1
3.770433E0	9.474669E-1	-9.648742E-2	9.523672E-1	6.950292E-1	-6.327104E-1	9.398873E-1	-8.411262E0	-7.850444E0	1.150560E1
3.787117E0	9.580902E-1	-1.085804E-1	9.642233E-1	4.792006E-1	-6.835250E-1	8.347692E-1	-1.474916E1	3.683461E-2	1.474921E1
3.803800E0	9.634562E-1	-1.192944E-1	9.708136E-1	1.856333E-1	-6.109704E-1	6.385488E-1	-1.684936E1	5.805391E0	1.782143E1
3.820483E0	9.642842E-1	-1.289665E-1	9.728701E-1	-8.073234E-2	-4.984191E-1	5.049152E-1	-9.879667E0	9.211750E0	1.350793E1
3.837167E0	9.607624E-1	-1.359250E-1	9.703299E-1	-1.679929E-1	-3.013627E-1	3.450233E-1	-1.422488E-1	1.184772E1	1.184858E1
3.853850E0	9.586788E-1	-1.390219E-1	9.687064E-1	-6.333465E-2	-9.464968E-2	1.138852E-1	4.570538E0	8.723107E0	9.847965E0
3.870533E0	9.586492E-1	-1.390831E-1	9.686859E-1	-3.773864E-3	-1.193038E-3	3.957953E-3	1.583671E0	3.431732E0	3.779523E0
3.887217E0	9.585529E-1	-1.390617E-1	9.685875E-1	-1.809599E-2	6.779613E-3	1.932429E-2	-3.504562E0	2.606824E-1	3.514244E0
3.903900E0	9.580454E-1	-1.388569E-1	9.680559E-1	-1.122556E-1	9.167104E-3	1.126293E-1	-8.221933E0	-2.592482E-1	8.226019E0
3.920583E0	9.548073E-1	-1.387559E-1	9.648369E-1	-2.990589E-1	-2.344910E-3	2.990681E-1	-1.154522E1	6.029432E-1	1.156096E1
3.937267E0	9.480668E-1	-1.389351E-1	9.581929E-1	-5.018130E-1	2.257008E-2	5.023203E-1	-5.768121E0	2.633651E0	6.340925E0
3.953950E0	9.380635E-1	-1.380028E-1	9.481602E-1	-5.163561E-1	9.120467E-2	5.243490E-1	3.498228E0	3.938589E0	5.267834E0
3.970633E0	9.308377E-1	-1.358919E-1	9.407047E-1	-3.580587E-1	1.552198E-1	3.902553E-1	7.677269E0	3.472543E0	8.426091E0
3.987317E0	9.261162E-1	-1.328236E-1	9.355925E-1	-2.546837E-1	2.069367E-1	3.281563E-1	6.753331E0	3.137491E0	7.446565E0
4.004000E0	9.223397E-1	-1.289871E-1	9.313153E-1	-1.467302E-1	2.583317E-1	2.970943E-1	9.192521E0	4.325882E0	1.015951E1
4.020683E0	9.212204E-1	-1.242039E-1	9.295556E-1	5.351697E-2	3.474217E-1	3.515194E-1	1.154592E1	5.165840E0	1.264888E1
4.037367E0	9.241254E-1	-1.173948E-1	9.315521E-1	2.506688E-1	4.395104E-1	5.059686E-1	1.046880E1	4.045676E0	1.122333E1
4.054050E0	9.295843E-1	-1.095389E-1	9.360159E-1	3.974318E-1	4.812252E-1	6.241232E-1	7.880645E0	3.131113E0	8.479884E0
4.070733E0	9.373864E-1	-1.013380E-1	9.428481E-1	5.158626E-1	5.360966E-1	7.439851E-1	6.128299E0	1.634050E0	6.342410E0
4.087417E0	9.467969E-1	-9.165118E-2	9.512226E-1	6.004561E-1	5.511976E-1	8.150867E-1	2.907063E0	-3.113886E0	4.259965E0
4.104100E0	9.574216E-1	-8.294633E-2	9.610079E-1	6.189300E-1	4.304697E-1	7.539088E-1	2.435376E0	-8.562491E0	8.902096E0
4.120783E0	9.674486E-1	-7.728784E-2	9.705309E-1	6.626026E-1	2.555590E-1	7.101779E-1	1.783376E0	-1.365582E1	1.377178E1
4.137467E0	9.795304E-1	-7.441918E-2	9.823534E-1	7.017898E-1	-1.002920E-2	7.018614E-1	2.817749E0	-1.893502E1	1.914353E1
4.154150E0	9.908650E-1	-7.762248E-2	9.939007E-1	7.336701E-1	-3.882529E-1	8.300676E-1	1.076567E0	-1.803798E1	1.807007E1
4.170833E0	1.004011E0	-8.737389E-2	1.007805E0	7.603603E-1	-6.347865E-1	9.905058E-1	-5.657205E0	-9.834130E0	1.134522E1
4.187517E0	1.016236E0	-9.880319E-2	1.021027E0	5.547092E-1	-7.005118E-1	8.935429E-1	-1.568083E1	6.432530E-3	1.568083E1
4.204200E0	1.022519E0	-1.107476E-1	1.028499E0	2.135139E-1	-6.423181E-1	6.768757E-1	-2.050841E1	4.836026E0	2.107088E1
4.220883E0	1.023360E0	-1.202352E-1	1.030399E0	-1.256172E-1	-5.225037E-1	5.373917E-1	-1.418280E1	7.921198E0	1.624492E1
4.237567E0	1.018328E0	-1.281818E-1	1.026364E0	-2.885642E-1	-3.879612E-1	4.835113E-1	-5.394755E0	6.850269E0	8.719494E0
4.254250E0	1.013731E0	-1.331802E-1	1.022442E0	-2.765958E-1	-2.783241E-1	3.923895E-1	4.910566E0	8.099738E0	9.472034E0
4.270933E0	1.009099E0	-1.374686E-1	1.018419E0	-1.457377E-1	-1.408443E-1	2.026736E-1	6.902868E0	7.175067E0	9.956464E0
4.287617E0	1.008869E0	-1.378797E-1	1.018247E0	-9.090195E-3	-1.074038E-2	1.407080E-2	4.438992E0	4.783978E0	6.526185E0
4.304300E0	1.008796E0	-1.378270E-1	1.018167E0	-1.378446E-2	5.778227E-3	1.494655E-2	-5.156271E0	6.734221E-1	5.200061E0
4.320983E0	1.008409E0	-1.376869E-1	1.017765E0	-1.643321E-1	1.022973E-2	1.646502E-1	-1.111515E1	1.746814E-1	1.111652E1
4.337667E0	1.003312E0	-1.374856E-1	1.012688E0	-4.088739E-1	1.179495E-2	4.090440E-1	-8.291029E0	8.318283E-1	8.332653E0
4.354350E0	9.947660E-1	-1.372933E-1	1.004196E0	-4.580930E-1	3.438150E-2	4.593814E-1	1.865394E0	2.909609E0	3.456229E0
4.371033E0	9.880273E-1	-1.363384E-1	9.973897E-1	-3.273244E-1	1.081708E-1	3.447349E-1	4.735994E0	4.602670E0	6.604106E0
4.387717E0	9.838443E-1	-1.336840E-1	9.928852E-1	-2.815252E-1	1.942275E-1	3.420245E-1	5.855574E0	4.568512E0	7.426914E0
4.404400E0	9.786337E-1	-1.298577E-1	9.872117E-1	-1.717629E-1	2.591135E-1	3.108734E-1	9.851135E0	3.795841E0	1.055714E1
4.421083E0	9.781131E-1	-1.250383E-1	9.860729E-1	7.636494E-2	3.199321E-1	3.289197E-1	1.349127E1	3.150631E0	1.385427E1
4.437767E0	9.811818E-1	-1.191826E-1	9.883937E-1	2.759119E-1	3.666262E-1	4.588487E-1	1.131308E1	3.048616E0	1.171664E1
4.454450E0	9.873194E-1	-1.128052E-1	9.937427E-1	4.526473E-1	4.167586E-1	6.152863E-1	9.798638E0	2.292182E0	1.006317E1
4.471133E0	9.962851E-1	-1.052768E-1	1.001832E0	6.043713E-1	4.507950E-1	7.539767E-1	6.310059E0	8.910366E-1	6.372660E0
4.487817E0	1.007485E0	-9.776365E-2	1.012217E0	6.703567E-1	4.425447E-1	8.032583E-1	3.049206E0	-3.148082E0	4.382702E0
4.504500E0	1.018653E0	-9.051055E-2	1.022666E0	6.929061E-1	3.549874E-1	7.785467E-1	1.298339E0	-9.047883E0	9.140561E0
4.521183E0	1.030605E0	-8.591890E-2	1.034180E0	7.200268E-1	1.385023E-1	7.332267E-1	1.553914E0	-1.499802E1	1.507831E1
4.537867E0	1.042678E0	-8.588919E-2	1.046209E0	7.400702E-1	-1.512530E-1	7.553684E-1	1.583858E0	-1.649764E1	1.657350E1
4.554550E0	1.055299E0	-9.096571E-2	1.059212E0	7.744943E-1	-4.196772E-1	8.808918E-1	-1.207023E0	-1.451922E1	1.456930E1
4.571233E0	1.068520E0	-9.989242E-2	1.073179E0	7.138167E-1	-6.328487E-1	9.539559E-1	-9.009370E0	-6.900337E0	1.134828E1
4.587917E0	1.079117E0	-1.120818E-1	1.084922E0	4.721329E-1	-6.700290E-1	8.196636E-1	-1.498341E1	1.703636E0	1.507995E1
4.604600E0	1.084273E0	-1.222491E-1	1.091143E0	1.948470E-1	-5.528091E-1	5.861427E-1	-1.527157E1	7.628104E0	1.707070E1
4.621283E0	1.085618E0	-1.305272E-1	1.093437E0	-3.085953E-2	-4.190107E-1	4.201456E-1	-6.831025E0	1.116704E1	1.309067E1
4.637967E0	1.083244E0	-1.362300E-1	1.091776E0	-6.031740E-2	-1.881883E-1	1.976184E-1	1.846635E-1	1.105449E1	1.105603E1
4.654650E0	1.083605E0	-1.368064E-1	1.092207E0	1.552989E-2	-1.944428E-2	2.488488E-2	2.179673E0	5.997345E0	6.381153E0
4.671333E0	1.083762E0	-1.368788E-1	1.092372E0	2.455891E-4	-5.540301E-3	5.545741E-3	-1.287546E0	1.054433E0	1.664213E0
4.688017E0	1.083614E0	-1.369912E-1	1.092239E0	-2.662888E-2	1.074224E-2	2.871398E-2	-1.936629E0	8.162619E-1	2.101622E0
4.704700E0	1.082873E0	-1.365204E-1	1.091445E0	-6.516536E-2	2.703094E-2	7.054925E-2	-5.945665E0	-1.367506E-1	5.947238E0
4.721383E0	1.081439E0	-1.360893E-1	1.089968E0	-2.106163E-1	6.154249E-3	2.107062E-1	-1.977520E0	-6.245098E-1	2.073788E0
4.738067E0	1.075846E0	-1.363151E-1	1.084447E0	-1.852274E-1	-1.045042E-3	1.852303E-1	3.804385E0	-4.390148E-2	3.804638E0
4.754750E0	1.075259E0	-1.361242E-1	1.083841E0	-2.452297E-2	1.111576E-2	2.692464E-2	5.640425E0	3.275788E-1	5.649929E0
4.771433E0	1.075028E0	-1.359442E-1	1.083589E0	-1.521942E-2	8.356043E-3	1.736244E-2	-8.163971E-1	-2.729128E-2	8.168531E-1
4.788117E0	1.074751E0	-1.358454E-1	1.083302E0	-4.903766E-2	9.101964E-3	4.987522E-2	4.884690E-1	-4.306962E-1	6.512305E-1
4.804800E0	1.073391E0	-1.356405E-1	1.081928E0	-1.718799E-2	-2.628524E-3	1.738782E-2	2.113039E0	-4.103181E-1	2.152508E0
4.821483E0	1.074177E0	-1.359331E-1	1.082744E0	4.480892E-2	-1.033283E-2	4.598485E-2	2.902290E0	-3.234857E-2	2.902470E0
4.838167E0	1.074886E0	-1.359852E-1	1.083454E0	6.639058E-2	3.009319E-5	6.639059E-2	2.952297E0	5.353306E-1	3.000440E0
4.854850E0	1.076393E0	-1.359321E-1	1.084942E0	1.429507E-1	6.874995E-3	1.431160E-1	3.204269E0	4.185232E-1	3.231486E0
4.871533E0	1.079656E0	-1.357558E-1	1.088158E0	1.862749E-1	1.409328E-2	1.868073E-1	9.287251E-1	2.109901E-1	9.523902E-1
4.888217E0	1.082608E0	-1.354618E-1	1.091050E0	1.653947E-1	1.480012E-2	1.660556E-1	-1.196492E0	-3.299814E-1	1.241161E0
4.904900E0	1.085175E0	-1.352620E-1	1.093572E0	1.455732E-1	3.047526E-3	1.456051E-1	-7.600647E-1	-6.540700E-1	1.002749E0
4.921583E0	1.087465E0	-1.353601E-1	1.095857E0	1.390624E-1	-8.760626E-3	1.393381E-1	-6.043871E-1	-5.604440E-1	8.242458E-1
4.938267E0	1.089815E0	-1.355543E-1	1.098213E0	1.288138E-1	-1.475455E-2	1.296560E-1	-3.755998E-1	-6.610003E-2	3.813718E-1
4.954950E0	1.091763E0	-1.358524E-1	1.100183E0	1.220859E-1	-1.224799E-2	1.226988E-1	-4.855090E-1	2.522635E-1	5.471342E-1
4.971633E0	1.093889E0	-1.359630E-1	1.102306E0	1.172855E-1	-4.578713E-3	1.173748E-1	-1.013932E0	1.204502E-1	1.021061E0
4.988317E0	1.095677E0	-1.360052E-1	1.104086E0	8.743656E-2	-7.707501E-3	8.777561E-2	-2.051083E0	-1.737378E-1	2.058428E0
5.005000E0	1.096806E0	-1.362202E-1	1.105233E0	4.752475E-2	-1.223937E-2	4.907549E-2	-1.850189E0	-1.641788E-1	1.857460E0
5.021683E0	1.097263E0	-1.364136E-1	1.105710E0	2.334052E-2	-1.217854E-2	2.632673E-2	-8.855774E-1	1.140971E-1	8.928972E-1
5.038367E0	1.097585E0	-1.366265E-1	1.106056E0	1.965568E-2	-9.200092E-3	2.170225E-2	-3.342358E-1	1.600612E-1	3.705849E-1
5.055050E0	1.097918E0	-1.367206E-1	1.106398E0	1.375371E-2	-5.724307E-3	1.489739E-2	-3.913590E-1	1.418851E-1	4.162850E-1
5.071733E0	1.098044E0	-1.368175E-1	1.106535E0	5.107162E-3	-5.100857E-3	7.218161E-3	-1.887037E-1	6.647348E-2	2.000695E-1
5.088417E0	1.098089E0	-1.368908E-1	1.106589E0	7.043540E-3	-3.428616E-3	7.833701E-3	-2.408550E-2	8.153227E-2	8.501542E-2
5.105100E0	1.098279E0	-1.369319E-1	1.106782E0	6.572960E-3	-2.239277E-3	6.943930E-3	1.221530E-1	4.809980E-2	1.312819E-1
5.121783E0	1.098308E0	-1.369655E-1	1.106815E0	8.205614E-3	-1.910810E-3	8.425158E-3	8.175772E-2	1.573666E-2	8.325844E-2
5.138467E0	1.098553E0	-1.369957E-1	1.107062E0	1.218056E-2	-1.729091E-3	1.230267E-2	6.408301E-3	3.200992E-2	3.264508E-2
5.155150E0	1.098715E0	-1.370232E-1	1.107226E0	7.159569E-3	-9.361351E-4	7.220511E-3	-2.310516E-1	7.994058E-2	2.444900E-1
5.171833E0	1.098791E0	-1.370269E-1	1.107303E0	4.157458E-3	9.612000E-4	4.267126E-3	-1.747069E-1	9.825474E-4	1.747096E-1
5.188517E0	1.098853E0	-1.369911E-1	1.107360E0	1.835154E-3	-3.151401E-4	1.862016E-3	-1.093733E-1	-5.934204E-2	1.244347E-1
5.205200E0	1.098853E0	-1.370374E-1	1.107365E0	2.676343E-5	-2.001819E-3	2.001998E-3	-1.054920E-1	-7.416728E-2	1.289548E-1
5.221883E0	1.098854E0	-1.370579E-1	1.107369E0	-1.211519E-3	-2.093376E-3	2.418678E-3	-2.293446E-2	5.282310E-2	5.758706E-2
5.238567E0	1.098812E0	-1.371073E-1	1.107333E0	-1.295222E-3	-8.925226E-4	1.572958E-3	-1.736482E-1	2.005231E-2	1.748021E-1
5.255250E0	1.098811E0	-1.370877E-1	1.107330E0	-5.670778E-3	-4.745876E-4	5.690603E-3	-5.598894E-3	6.995382E-2	7.017753E-2
5.271933E0	1.098623E0	-1.371231E-1	1.107147E0	-4.257008E-3	3.254604E-4	4.269431E-3	3.067894E-2	4.693079E-2	5.606867E-2
5.288617E0	1.098669E0	-1.370768E-1	1.107187E0	-1.269874E-3	2.119997E-3	2.471228E-3	9.901143E-2	1.544390E-2	1.002087E-1
5.305300E0	1.098581E0	-1.370524E-1	1.107097E0	-3.377927E-3	4.492251E-4	3.407667E-3	-2.396346E-2	1.468085E-2	2.810293E-2
5.321983E0	1.098556E0	-1.370618E-1	1.107074E0	-1.011894E-3	2.040364E-3	2.277502E-3	-3.931056E-2	3.104100E-2	5.008856E-2
5.338667E0	1.098547E0	-1.369843E-1	1.107055E0	-4.300229E-3	2.659315E-3	5.056078E-3	-1.773258E-1	1.162660E-1	2.120430E-1
5.355350E0	1.098413E0	-1.369731E-1	1.106920E0	-8.058638E-3	4.440500E-3	9.201070E-3	-1.133467E-1	-4.969291E-2	1.237613E-1
5.372033E0	1.098278E0	-1.368361E-1	1.106769E0	-7.619113E-3	3.093428E-3	8.223149E-3	6.151850E-2	1.126880E-1	1.283865E-1
5.388717E0	1.098159E0	-1.368699E-1	1.106655E0	-6.033157E-3	5.172044E-3	7.946636E-3	1.483357E-2	2.655698E-2	3.041887E-2
5.405400E0	1.098077E0	-1.366636E-1	1.106548E0	-6.622454E-3	7.466564E-3	9.980304E-3	8.175142E-2	-4.809506E-2	9.484951E-2
5.422083E0	1.097938E0	-1.366208E-1	1.106405E0	-4.504586E-3	1.317346E-3	4.693260E-3	-2.943294E-2	-1.295427E-2	3.215760E-2
5.438767E0	1.097926E0	-1.366196E-1	1.106394E0	-5.564609E-3	6.464267E-3	8.529457E-3	1.402402E-1	2.463763E-1	2.834935E-1
5.455450E0	1.097752E0	-1.364051E-1	1.106194E0	-2.857331E-3	1.170805E-2	1.205167E-2	1.237479E-1	8.482216E-2	1.500278E-1
5.472133E0	1.097831E0	-1.362289E-1	1.106251E0	1.849127E-3	8.365067E-3	8.567007E-3	1.630635E-1	-2.311672E-2	1.646939E-1
5.488817E0	1.097814E0	-1.361260E-1	1.106221E0	4.558582E-4	9.937302E-3	9.947753E-3	-3.025790E-2	-5.430310E-2	6.216403E-2
5.505500E0	1.097846E0	-1.358974E-1	1.106225E0	1.716673E-3	8.661600E-3	8.830078E-3	5.402604E-2	-3.033059E-2	6.195771E-2
5.522183E0	1.097871E0	-1.358369E-1	1.106242E0	1.912650E-3	6.531967E-3	6.806235E-3	-1.350206E-1	-2.406428E-2	1.371483E-1
5.538867E0	1.097910E0	-1.356794E-1	1.106262E0	-2.006834E-3	9.414015E-3	9.625542E-3	-4.606021E-2	1.990346E-1	2.042947E-1
5.555550E0	1.097804E0	-1.355228E-1	1.106137E0	-1.610390E-3	1.232898E-2	1.243371E-2	9.934294E-2	1.837137E-1	2.088534E-1
5.572233E0	1.097856E0	-1.352680E-1	1.106158E0	3.270062E-3	1.624914E-2	1.657492E-2	1.684281E-1	5.939039E-2	1.785924E-1
5.588917E0	1.097913E0	-1.349806E-1	1.106179E0	3.370738E-3	1.455156E-2	1.493686E-2	1.219537E-2	-1.592122E-1	1.596786E-1
5.605600E0	1.097969E0	-1.347825E-1	1.106211E0	3.612724E-3	1.026339E-2	1.088067E-2	-4.374176E-2	-2.339852E-1	2.380387E-1
5.622283E0	1.098034E0	-1.346382E-1	1.106257E0	2.228046E-3	6.913501E-3	7.263655E-3	-1.527268E-1	-9.622524E-2	1.805125E-1
5.638967E0	1.098043E0	-1.345518E-1	1.106256E0	-1.672986E-3	6.585736E-3	6.794910E-3	-1.192087E-1	8.732405E-2	1.477707E-1
5.655650E0	1.097978E0	-1.344185E-1	1.106175E0	-2.376142E-3	1.016739E-2	1.044136E-2	-1.276749E-2	7.897740E-2	8.000274E-2
5.672333E0	1.097964E0	-1.342126E-1	1.106136E0	-1.273530E-3	9.977982E-3	1.005893E-2	7.001163E-2	9.276079E-3	7.062347E-2
5.689017E0	1.097935E0	-1.340855E-1	1.106093E0	-5.530011E-4	9.257076E-3	9.273579E-3	2.504934E-2	-8.783567E-2	9.133769E-2
5.705700E0	1.097945E0	-1.339037E-1	1.106081E0	3.897824E-5	8.234234E-3	8.234326E-3	2.758656E-2	4.866320E-2	5.593859E-2
5.722383E0	1.097937E0	-1.338108E-1	1.106061E0	-3.277037E-5	9.345730E-3	9.345787E-3	-6.093457E-2	-6.233741E-2	8.717210E-2
5.739067E0	1.097944E0	-1.335919E-1	1.106042E0	-1.490750E-3	8.302098E-3	8.434878E-3	1.086940E-2	2.465101E-1	2.467496E-1
5.755750E0	1.097887E0	-1.335338E-1	1.105978E0	-6.937265E-4	1.413313E-2	1.415014E-2	6.147886E-2	-9.502081E-3	6.220884E-2
5.772433E0	1.097921E0	-1.331203E-1	1.105962E0	1.680986E-3	1.334986E-2	1.345528E-2	8.008785E-2	-1.967166E-1	2.123947E-1
5.789117E0	1.097943E0	-1.330883E-1	1.105980E0	1.455052E-3	2.673002E-3	3.043373E-3	-6.958442E-2	-3.123767E-1	3.200332E-1
5.805800E0	1.097970E0	-1.330311E-1	1.105999E0	-2.741033E-4	4.608150E-3	4.616295E-3	-1.066187E-2	1.522992E-1	1.526719E-1
5.822483E0	1.097934E0	-1.329346E-1	1.105952E0	2.027061E-4	7.708691E-3	7.711356E-3	8.734612E-3	1.453164E-2	1.695470E-2
5.839167E0	1.097976E0	-1.327739E-1	1.105975E0	1.160380E-3	5.993497E-3	6.104792E-3	1.236501E-1	-1.613465E-1	2.032782E-1
5.855850E0	1.097972E0	-1.327346E-1	1.105967E0	3.112141E-3	1.179366E-3	3.328112E-3	-1.859479E-2	-2.307453E-1	2.314933E-1
5.872533E0	1.098080E0	-1.327345E-1	1.106074E0	2.294002E-3	-1.331689E-3	2.652516E-3	-3.315648E-2	-5.561010E-2	6.474438E-2
5.889217E0	1.098049E0	-1.327790E-1	1.106048E0	5.852775E-5	-1.111359E-3	1.112899E-3	-7.317396E-2	-2.398854E-3	7.321327E-2
5.905900E0	1.098082E0	-1.327716E-1	1.106080E0	1.125472E-3	-6.244181E-4	1.287084E-3	7.617922E-2	4.357218E-2	8.775995E-2
5.922583E0	1.098087E0	-1.327998E-1	1.106088E0	1.848271E-3	-3.730697E-4	1.885546E-3	-1.170305E-2	-2.215464E-2	2.505573E-2
5.939267E0	1.098144E0	-1.327841E-1	1.106143E0	1.579564E-3	-6.117306E-4	1.693882E-3	1.262884E-1	-3.250084E-4	1.262889E-1
5.955950E0	1.098139E0	-1.328203E-1	1.106142E0	4.605241E-3	-1.161400E-3	4.749431E-3	1.415022E-2	-2.815359E-4	1.415302E-2
5.972633E0	1.098298E0	-1.328228E-1	1.106300E0	4.435656E-3	-1.159437E-4	4.437171E-3	1.023680E-1	6.052579E-2	1.189226E-1
5.989317E0	1.098287E0	-1.328241E-1	1.106290E0	5.066203E-3	6.244225E-4	5.104539E-3	8.470069E-2	-3.472903E-2	9.154405E-2
6.006000E0	1.098467E0	-1.328020E-1	1.106465E0	9.751594E-3	-7.784249E-4	9.782613E-3	3.453311E-1	-8.548231E-2	3.557539E-1
6.022683E0	1.098613E0	-1.328501E-1	1.106616E0	1.464810E-2	-2.924190E-3	1.493712E-2	1.561978E-1	5.279424E-3	1.562870E-1
6.039367E0	1.098955E0	-1.328995E-1	1.106962E0	1.726051E-2	-6.442850E-4	1.727253E-2	-1.895919E-1	4.202703E-1	4.610555E-1
6.056050E0	1.099189E0	-1.328716E-1	1.107190E0	7.470421E-3	1.050590E-2	1.289113E-2	7.763588E-2	5.500677E-1	5.555194E-1
6.072733E0	1.099205E0	-1.325490E-1	1.107168E0	1.627449E-2	1.983054E-2	2.565365E-2	8.332922E-1	5.006522E-1	9.721257E-1
6.089417E0	1.099732E0	-1.322099E-1	1.107650E0	3.945377E-2	2.537004E-2	4.690671E-2	9.843621E-1	-1.117581E-1	9.906859E-1
6.106100E0	1.100521E0	-1.317025E-1	1.108374E0	4.894871E-2	1.909024E-2	5.253964E-2	5.992182E-1	-6.312229E-1	8.703475E-1
6.122783E0	1.101365E0	-1.315729E-1	1.109196E0	5.776097E-2	1.278492E-3	5.777512E-2	-1.678568E-1	-6.313086E-1	6.532430E-1
6.139467E0	1.102448E0	-1.316598E-1	1.110282E0	4.764160E-2	-2.584747E-3	4.771166E-2	-7.702530E-1	-1.597349E-1	7.866416E-1
6.156150E0	1.102955E0	-1.316592E-1	1.110785E0	2.661950E-2	-2.073315E-3	2.670012E-2	-9.985375E-1	-4.634432E-2	9.996124E-1
6.172833E0	1.103337E0	-1.317290E-1	1.111172E0	1.663071E-2	-4.993880E-3	1.736431E-2	-4.960215E-1	5.416461E-2	4.989701E-1
6.189517E0	1.103509E0	-1.318258E-1	1.111356E0	9.001096E-3	-8.961451E-4	9.045596E-3	-2.804794E-1	1.476027E-1	3.169468E-1
6.206200E0	1.103637E0	-1.317589E-1	1.111474E0	7.763711E-3	1.768582E-3	7.962605E-3	-1.110400E-1	3.814715E-2	1.174100E-1
6.222883E0	1.103768E0	-1.317668E-1	1.111606E0	5.818664E-3	-9.031224E-4	5.888335E-3	-1.290756E-1	-2.496977E-2	1.314687E-1
6.239567E0	1.103831E0	-1.317890E-1	1.111671E0	2.963242E-3	8.244317E-4	3.075791E-3	-1.352160E-1	7.615788E-2	1.551882E-1
6.256250E0	1.103867E0	-1.317393E-1	1.111701E0	1.475209E-3	2.399284E-3	2.816524E-3	-8.517944E-2	1.541104E-1	1.760839E-1
6.272933E0	1.103880E0	-1.317090E-1	1.111710E0	1.280541E-4	5.032324E-3	5.033953E-3	4.145582E-2	1.331611E-1	1.394649E-1
6.289617E0	1.103872E0	-1.315714E-1	1.111685E0	2.360272E-3	7.895042E-3	8.240302E-3	-4.957812E-2	3.024313E-1	3.064680E-1
6.306300E0	1.103959E0	-1.314456E-1	1.111757E0	1.219625E-4	1.368541E-2	1.368595E-2			
6.322983E0	1.103876E0	-1.311147E-1	1.111635E0						
