	mass C			
t	x		y		r	
123.824	-3.173E-2	1.819E-2	3.657E-2
123.840	-3.172E-2	1.819E-2	3.657E-2
123.857	-3.172E-2	1.819E-2	3.657E-2
123.874	-3.171E-2	1.819E-2	3.656E-2
123.890	-3.171E-2	1.818E-2	3.655E-2
123.907	-3.170E-2	1.819E-2	3.655E-2
123.924	-3.172E-2	1.820E-2	3.657E-2
123.940	-3.171E-2	1.819E-2	3.656E-2
123.957	-3.168E-2	1.822E-2	3.654E-2
123.974	-3.375E-2	1.865E-2	3.856E-2
123.991	-4.032E-2	1.878E-2	4.448E-2
124.007	-4.559E-2	1.898E-2	4.938E-2
124.024	-5.269E-2	1.877E-2	5.594E-2
124.041	-5.786E-2	1.869E-2	6.080E-2
124.057	-5.975E-2	1.847E-2	6.254E-2
124.074	-6.063E-2	1.819E-2	6.330E-2
124.091	-6.284E-2	1.810E-2	6.539E-2
124.107	-6.377E-2	1.813E-2	6.629E-2
124.124	-6.687E-2	1.823E-2	6.931E-2
124.141	-7.088E-2	1.820E-2	7.318E-2
124.157	-7.220E-2	1.817E-2	7.445E-2
124.174	-7.256E-2	1.809E-2	7.478E-2
124.191	-7.241E-2	1.808E-2	7.463E-2
124.207	-7.213E-2	1.810E-2	7.437E-2
124.224	-7.195E-2	1.820E-2	7.422E-2
124.241	-7.188E-2	1.826E-2	7.417E-2
124.257	-7.152E-2	1.829E-2	7.382E-2
124.274	-7.060E-2	1.845E-2	7.298E-2
124.291	-6.977E-2	1.841E-2	7.216E-2
124.308	-6.948E-2	1.859E-2	7.193E-2
124.324	-6.855E-2	1.883E-2	7.109E-2
124.341	-6.737E-2	1.911E-2	7.003E-2
124.358	-6.680E-2	1.934E-2	6.954E-2
124.374	-6.543E-2	1.965E-2	6.831E-2
124.391	-6.358E-2	1.996E-2	6.664E-2
124.408	-5.985E-2	2.029E-2	6.320E-2
124.424	-5.662E-2	2.100E-2	6.038E-2
124.441	-5.678E-2	2.268E-2	6.114E-2
124.458	-5.594E-2	2.477E-2	6.118E-2
124.474	-5.444E-2	2.709E-2	6.080E-2
124.491	-5.320E-2	2.958E-2	6.087E-2
124.508	-5.256E-2	3.242E-2	6.175E-2
124.524	-5.127E-2	3.552E-2	6.237E-2
124.541	-4.974E-2	3.885E-2	6.312E-2
124.558	-4.753E-2	4.231E-2	6.363E-2
124.574	-4.593E-2	4.625E-2	6.518E-2
124.591	-4.405E-2	5.026E-2	6.683E-2
124.608	-4.211E-2	5.439E-2	6.879E-2
124.624	-3.912E-2	5.893E-2	7.074E-2
124.641	-3.638E-2	6.351E-2	7.319E-2
124.658	-3.378E-2	6.814E-2	7.605E-2
124.675	-3.101E-2	7.282E-2	7.915E-2
124.691	-2.834E-2	7.748E-2	8.250E-2
124.708	-2.543E-2	8.162E-2	8.549E-2
124.725	-2.237E-2	8.558E-2	8.845E-2
124.741	-1.941E-2	8.916E-2	9.124E-2
124.758	-1.691E-2	9.231E-2	9.385E-2
124.775	-1.319E-2	9.536E-2	9.627E-2
124.791	-1.057E-2	9.786E-2	9.843E-2
124.808	-7.996E-3	0.100	0.101
124.825	-5.068E-3	0.102	0.103
124.841	-1.959E-3	0.104	0.104
124.858	1.126E-3	0.105	0.105
124.875	4.805E-3	0.106	0.106
124.891	8.683E-3	0.106	0.106
124.908	1.223E-2	0.106	0.107
124.925	1.534E-2	0.106	0.107
124.941	1.892E-2	0.105	0.107
124.958	2.242E-2	0.105	0.107
124.975	2.594E-2	0.104	0.107
124.992	2.946E-2	0.103	0.107
125.008	3.410E-2	0.102	0.107
125.025	3.853E-2	0.100	0.108
125.042	4.312E-2	9.905E-2	0.108
125.058	4.796E-2	9.720E-2	0.108
125.075	5.269E-2	9.568E-2	0.109
125.092	5.811E-2	9.376E-2	0.110
125.108	6.317E-2	9.182E-2	0.111
125.125	6.851E-2	8.971E-2	0.113
125.142	7.365E-2	8.748E-2	0.114
125.158	7.906E-2	8.494E-2	0.116
125.175	8.367E-2	8.242E-2	0.117
125.192	8.843E-2	7.956E-2	0.119
125.208	9.259E-2	7.685E-2	0.120
125.225	9.713E-2	7.370E-2	0.122
125.242	0.101	7.039E-2	0.123
125.258	0.105	6.661E-2	0.124
125.275	0.109	6.203E-2	0.125
125.292	0.112	5.664E-2	0.126
125.309	0.115	5.033E-2	0.126
125.325	0.119	4.312E-2	0.126
125.342	0.121	3.564E-2	0.126
125.359	0.123	2.780E-2	0.126
125.375	0.125	1.966E-2	0.126
125.392	0.126	1.831E-2	0.127
125.409	0.126	1.816E-2	0.127
125.425	0.128	1.836E-2	0.129
125.442	0.130	1.850E-2	0.131
125.459	0.129	1.858E-2	0.130
125.475	0.128	1.884E-2	0.129
125.492	0.128	1.908E-2	0.129
125.509	0.128	1.930E-2	0.129
125.525	0.128	1.949E-2	0.130
125.542	0.129	1.973E-2	0.130
125.559	0.129	1.990E-2	0.130
125.575	0.129	2.024E-2	0.131
125.592	0.130	2.039E-2	0.132
125.609	0.131	2.070E-2	0.132
125.626	0.132	2.091E-2	0.133
125.642	0.132	2.100E-2	0.134
125.659	0.133	2.128E-2	0.134
125.676	0.133	2.152E-2	0.135
125.692	0.134	2.174E-2	0.136
125.709	0.135	2.207E-2	0.136
125.726	0.136	2.233E-2	0.137
125.742	0.137	2.257E-2	0.138
125.759	0.138	2.274E-2	0.139
125.776	0.138	2.288E-2	0.140
125.792	0.139	2.293E-2	0.141
125.809	0.139	2.295E-2	0.141
125.826	0.139	2.294E-2	0.141
125.842	0.139	2.294E-2	0.141
125.859	0.140	2.294E-2	0.142
125.876	0.140	2.292E-2	0.142
125.892	0.140	2.291E-2	0.142
125.909	0.140	2.286E-2	0.142
125.926	0.140	2.283E-2	0.142
125.942	0.140	2.279E-2	0.142
125.959	0.140	2.278E-2	0.142
125.976	0.140	2.284E-2	0.142
125.993	0.140	2.286E-2	0.142
126.009	0.140	2.290E-2	0.142
126.026	0.140	2.292E-2	0.142
126.043	0.140	2.294E-2	0.142
126.059	0.140	2.301E-2	0.142
126.076	0.140	2.303E-2	0.142
126.093	0.140	2.306E-2	0.142
126.109	0.140	2.303E-2	0.142
126.126	0.140	2.304E-2	0.142
126.143	0.140	2.307E-2	0.142
126.159	0.141	2.305E-2	0.142
126.176	0.141	2.312E-2	0.143
126.193	0.141	2.312E-2	0.143
126.209	0.141	2.312E-2	0.143
126.226	0.141	2.305E-2	0.143
126.243	0.142	2.314E-2	0.144
126.259	0.142	2.316E-2	0.144
126.276	0.143	2.326E-2	0.145
126.293	0.143	2.333E-2	0.145
126.310	0.145	2.343E-2	0.147
126.326	0.146	2.350E-2	0.148
126.343	0.148	2.333E-2	0.150
126.360	0.149	2.357E-2	0.151
126.376	0.151	2.366E-2	0.152
126.393	0.152	2.363E-2	0.154
126.410	0.153	2.411E-2	0.155
126.426	0.154	2.500E-2	0.156
126.443	0.153	2.637E-2	0.155
126.460	0.153	2.815E-2	0.156
126.476	0.153	3.014E-2	0.156
126.493	0.153	3.226E-2	0.157
126.510	0.154	3.453E-2	0.158
126.526	0.155	3.714E-2	0.159
126.543	0.156	3.988E-2	0.161
126.560	0.156	4.286E-2	0.162
126.576	0.158	4.605E-2	0.164
126.593	0.159	4.932E-2	0.166
126.610	0.161	5.282E-2	0.169
126.626	0.162	5.663E-2	0.171
126.643	0.163	6.054E-2	0.174
126.660	0.165	6.468E-2	0.177
126.677	0.166	6.875E-2	0.180
126.693	0.168	7.338E-2	0.183
126.710	0.170	7.761E-2	0.186
126.727	0.172	8.153E-2	0.190
126.743	0.174	8.503E-2	0.194
126.760	0.176	8.844E-2	0.197
126.777	0.179	9.132E-2	0.201
126.793	0.181	9.394E-2	0.204
126.810	0.183	9.635E-2	0.207
126.827	0.186	9.851E-2	0.211
126.843	0.189	0.100	0.214
126.860	0.192	0.102	0.217
126.877	0.194	0.103	0.220
126.893	0.197	0.104	0.223
126.910	0.200	0.105	0.226
126.927	0.203	0.106	0.229
126.943	0.206	0.106	0.232
126.960	0.210	0.106	0.235
126.977	0.214	0.106	0.238
126.994	0.217	0.106	0.242
127.010	0.221	0.106	0.245
127.027	0.226	0.105	0.249
127.044	0.230	0.105	0.253
127.060	0.234	0.104	0.256
127.077	0.239	0.102	0.260
127.094	0.244	0.101	0.264
127.110	0.249	9.968E-2	0.268
127.127	0.254	9.820E-2	0.272
127.144	0.259	9.653E-2	0.277
127.160	0.264	9.457E-2	0.281
127.177	0.269	9.240E-2	0.285
127.194	0.274	9.021E-2	0.288
127.210	0.279	8.797E-2	0.292
127.227	0.283	8.556E-2	0.295
127.244	0.287	8.295E-2	0.299
127.260	0.291	7.958E-2	0.301
127.277	0.295	7.216E-2	0.303
127.294	0.298	6.656E-2	0.305
127.311	0.301	6.009E-2	0.307
127.327	0.304	5.312E-2	0.308
127.344	0.306	4.584E-2	0.309
127.361	0.307	3.839E-2	0.310
127.377	0.309	3.088E-2	0.310
127.394	0.309	2.353E-2	0.310
127.411	0.310	2.273E-2	0.311
127.427	0.311	2.266E-2	0.312
127.444	0.312	2.305E-2	0.313
127.461	0.313	2.314E-2	0.314
127.477	0.312	2.329E-2	0.313
127.494	0.312	2.360E-2	0.313
127.511	0.312	2.380E-2	0.313
127.527	0.313	2.404E-2	0.314
127.544	0.313	2.418E-2	0.314
127.561	0.313	2.436E-2	0.314
127.577	0.314	2.463E-2	0.315
127.594	0.314	2.500E-2	0.315
127.611	0.314	2.534E-2	0.315
127.627	0.315	2.563E-2	0.316
127.644	0.315	2.587E-2	0.316
127.661	0.316	2.601E-2	0.317
127.678	0.316	2.632E-2	0.317
127.694	0.317	2.651E-2	0.318
127.711	0.317	2.681E-2	0.318
127.728	0.318	2.695E-2	0.319
127.744	0.318	2.716E-2	0.319
127.761	0.319	2.722E-2	0.320
127.778	0.319	2.731E-2	0.321
127.794	0.320	2.735E-2	0.321
127.811	0.320	2.747E-2	0.321
127.828	0.320	2.752E-2	0.321
127.844	0.320	2.753E-2	0.322
127.861	0.320	2.753E-2	0.322
127.878	0.321	2.752E-2	0.322
127.894	0.321	2.750E-2	0.322
127.911	0.321	2.752E-2	0.322
127.928	0.321	2.752E-2	0.322
127.944	0.321	2.752E-2	0.322
127.961	0.321	2.752E-2	0.322
127.978	0.321	2.755E-2	0.322
127.995	0.321	2.763E-2	0.322
128.011	0.321	2.764E-2	0.322
128.028	0.321	2.763E-2	0.322
128.045	0.321	2.765E-2	0.322
128.061	0.321	2.768E-2	0.322
128.078	0.321	2.777E-2	0.322
128.095	0.321	2.785E-2	0.322
128.111	0.321	2.789E-2	0.322
128.128	0.321	2.783E-2	0.322
128.145	0.321	2.783E-2	0.322
128.161	0.321	2.779E-2	0.322
128.178	0.321	2.787E-2	0.323
128.195	0.322	2.786E-2	0.323
128.211	0.322	2.783E-2	0.323
128.228	0.322	2.787E-2	0.323
128.245	0.322	2.809E-2	0.323
128.261	0.323	2.832E-2	0.324
128.278	0.322	2.836E-2	0.324
128.295	0.323	2.824E-2	0.324
128.312	0.323	2.822E-2	0.324
128.328	0.324	2.826E-2	0.325
128.345	0.324	2.822E-2	0.326
128.362	0.325	2.839E-2	0.326
128.378	0.325	2.841E-2	0.326
128.395	0.325	2.862E-2	0.327
128.412	0.325	2.931E-2	0.326
128.428	0.325	3.031E-2	0.326
128.445	0.324	3.172E-2	0.325
128.462	0.323	3.344E-2	0.325
128.478	0.322	3.533E-2	0.324
128.495	0.322	3.702E-2	0.324
128.512	0.322	3.901E-2	0.324
128.528	0.322	4.109E-2	0.324
128.545	0.322	4.326E-2	0.325
128.562	0.322	4.559E-2	0.325
128.578	0.322	4.806E-2	0.326
128.595	0.323	5.058E-2	0.327
128.612	0.324	5.322E-2	0.328
128.629	0.325	5.600E-2	0.330
128.645	0.326	5.886E-2	0.332
128.662	0.328	6.190E-2	0.333
128.679	0.329	6.499E-2	0.335
128.695	0.331	6.816E-2	0.338
128.712	0.333	7.132E-2	0.340
128.729	0.335	7.433E-2	0.343
128.745	0.336	7.686E-2	0.345
128.762	0.338	7.913E-2	0.348
128.779	0.340	8.131E-2	0.350
128.795	0.342	8.340E-2	0.352
128.812	0.344	8.521E-2	0.355
128.829	0.347	8.691E-2	0.357
128.845	0.349	8.836E-2	0.360
128.862	0.351	8.954E-2	0.362
128.879	0.354	9.049E-2	0.365
128.895	0.356	9.111E-2	0.368
128.912	0.359	9.164E-2	0.370
128.929	0.361	9.195E-2	0.373
128.945	0.364	9.209E-2	0.375
128.962	0.367	9.213E-2	0.378
128.979	0.370	9.214E-2	0.381
128.996	0.373	9.207E-2	0.384
129.012	0.377	9.173E-2	0.388
129.029	0.380	9.132E-2	0.391
129.046	0.384	9.036E-2	0.395
129.062	0.388	8.953E-2	0.398
129.079	0.392	8.831E-2	0.402
129.096	0.397	8.697E-2	0.406
129.112	0.401	8.562E-2	0.410
129.129	0.406	8.378E-2	0.415
129.146	0.411	8.204E-2	0.419
129.162	0.415	7.983E-2	0.423
129.179	0.420	7.758E-2	0.427
129.196	0.423	7.531E-2	0.430
129.212	0.427	7.279E-2	0.434
129.229	0.431	7.016E-2	0.437
129.246	0.435	6.740E-2	0.440
129.262	0.438	6.444E-2	0.443
129.279	0.442	6.143E-2	0.446
129.296	0.444	5.790E-2	0.448
129.313	0.447	5.378E-2	0.450
129.329	0.449	4.892E-2	0.452
129.346	0.450	4.358E-2	0.453
129.363	0.451	3.769E-2	0.453
129.379	0.452	3.160E-2	0.453
129.396	0.454	2.893E-2	0.455
129.413	0.454	2.907E-2	0.455
129.429	0.458	2.930E-2	0.459
129.446	0.460	2.931E-2	0.461
129.463	0.461	2.934E-2	0.462
129.479	0.460	2.956E-2	0.461
129.496	0.460	2.974E-2	0.461
129.513	0.460	2.978E-2	0.461
129.529	0.461	2.979E-2	0.462
129.546	0.461	2.990E-2	0.462
129.563	0.461	3.003E-2	0.462
129.579	0.461	3.033E-2	0.462
129.596	0.461	3.050E-2	0.462
129.613	0.462	3.064E-2	0.463
129.630	0.462	3.064E-2	0.463
129.646	0.462	3.067E-2	0.463
129.663	0.463	3.054E-2	0.464
129.680	0.463	3.061E-2	0.464
129.696	0.464	3.045E-2	0.465
129.713	0.464	3.049E-2	0.465
129.730	0.464	3.049E-2	0.465
129.746	0.464	3.049E-2	0.465
129.763	0.465	3.046E-2	0.466
129.780	0.465	3.040E-2	0.466
129.796	0.465	3.045E-2	0.466
129.813	0.465	3.041E-2	0.466
129.830	0.466	3.032E-2	0.467
129.846	0.466	3.034E-2	0.467
129.863	0.466	3.027E-2	0.467
129.880	0.466	3.021E-2	0.467
129.896	0.466	3.017E-2	0.467
129.913	0.466	3.017E-2	0.467
129.930	0.466	3.016E-2	0.467
129.946	0.467	3.021E-2	0.468
129.963	0.467	3.023E-2	0.468
129.980	0.467	3.026E-2	0.468
129.997	0.467	3.031E-2	0.468
130.013	0.467	3.031E-2	0.468
130.030	0.467	3.033E-2	0.468
130.047	0.467	3.038E-2	0.468
130.063	0.467	3.045E-2	0.468
130.080	0.467	3.049E-2	0.468
130.097	0.467	3.057E-2	0.468
130.113	0.467	3.050E-2	0.468
130.130	0.467	3.075E-2	0.468
130.147	0.467	3.089E-2	0.469
130.163	0.468	3.099E-2	0.469
130.180	0.468	3.109E-2	0.469
130.197	0.467	3.117E-2	0.469
130.213	0.468	3.125E-2	0.469
130.230	0.468	3.127E-2	0.469
130.247	0.467	3.111E-2	0.468
130.263	0.467	3.113E-2	0.468
130.280	0.467	3.136E-2	0.468
130.297	0.466	3.103E-2	0.467
130.314	0.467	3.112E-2	0.468
130.330	0.467	3.126E-2	0.468
130.347	0.467	3.124E-2	0.468
130.364	0.467	3.132E-2	0.468
130.380	0.467	3.144E-2	0.468
130.397	0.466	3.174E-2	0.468
130.414	0.466	3.236E-2	0.467
130.430	0.465	3.339E-2	0.467
130.447	0.464	3.478E-2	0.466
130.464	0.464	3.653E-2	0.465
130.480	0.463	3.836E-2	0.465
130.497	0.463	4.019E-2	0.465
130.514	0.463	4.195E-2	0.465
130.530	0.464	4.393E-2	0.466
130.547	0.464	4.584E-2	0.467
130.564	0.465	4.751E-2	0.467
130.580	0.465	4.953E-2	0.468
130.597	0.466	5.186E-2	0.469
130.614	0.467	5.412E-2	0.470
130.631	0.468	5.655E-2	0.472
130.647	0.470	5.918E-2	0.473
130.664	0.471	6.184E-2	0.475
130.681	0.472	6.442E-2	0.477
130.697	0.474	6.739E-2	0.479
130.714	0.476	7.023E-2	0.481
130.731	0.478	7.333E-2	0.483
130.747	0.479	7.667E-2	0.485
130.764	0.481	7.993E-2	0.487
130.781	0.483	8.326E-2	0.490
130.797	0.485	8.647E-2	0.493
130.814	0.487	8.949E-2	0.495
130.831	0.489	9.223E-2	0.498
130.847	0.491	9.447E-2	0.500
130.864	0.493	9.628E-2	0.503
130.881	0.496	9.772E-2	0.505
130.897	0.498	9.868E-2	0.507
130.914	0.500	9.934E-2	0.510
130.931	0.502	9.977E-2	0.512
130.947	0.504	0.100	0.514
130.964	0.507	0.101	0.517
130.981	0.509	0.101	0.519
130.998	0.512	0.101	0.522
131.014	0.515	0.101	0.525
131.031	0.519	0.100	0.528
131.048	0.522	9.984E-2	0.531
131.064	0.525	9.905E-2	0.535
131.081	0.529	9.823E-2	0.538
131.098	0.533	9.724E-2	0.542
131.114	0.537	9.614E-2	0.545
131.131	0.541	9.501E-2	0.549
131.148	0.545	9.365E-2	0.553
131.164	0.549	9.216E-2	0.557
131.181	0.553	9.045E-2	0.560
131.198	0.557	8.860E-2	0.564
131.214	0.560	8.705E-2	0.567
131.231	0.563	8.482E-2	0.570
131.248	0.567	8.297E-2	0.573
131.264	0.569	8.009E-2	0.575
131.281	0.572	7.671E-2	0.577
131.298	0.574	7.232E-2	0.579
131.315	0.576	6.701E-2	0.580
131.331	0.577	6.091E-2	0.580
131.348	0.577	5.444E-2	0.580
131.365	0.577	4.784E-2	0.579
131.381	0.577	4.107E-2	0.578
131.398	0.576	3.428E-2	0.577
131.415	0.577	3.246E-2	0.578
131.431	0.577	3.237E-2	0.578
131.448	0.579	3.250E-2	0.580
131.465	0.580	3.254E-2	0.581
131.481	0.580	3.269E-2	0.581
131.498	0.579	3.280E-2	0.580
131.515	0.579	3.304E-2	0.580
131.531	0.579	3.320E-2	0.580
131.548	0.580	3.316E-2	0.581
131.565	0.580	3.333E-2	0.581
131.581	0.580	3.350E-2	0.581
131.598	0.580	3.374E-2	0.581
131.615	0.580	3.404E-2	0.581
131.631	0.581	3.417E-2	0.582
131.648	0.581	3.432E-2	0.582
131.665	0.582	3.437E-2	0.583
131.682	0.582	3.449E-2	0.583
131.698	0.582	3.457E-2	0.583
131.715	0.583	3.473E-2	0.584
131.732	0.583	3.496E-2	0.584
131.748	0.584	3.516E-2	0.585
131.765	0.584	3.537E-2	0.586
131.782	0.585	3.545E-2	0.587
131.798	0.586	3.569E-2	0.587
131.815	0.586	3.571E-2	0.587
131.832	0.586	3.572E-2	0.587
131.848	0.586	3.572E-2	0.588
131.865	0.587	3.568E-2	0.588
131.882	0.587	3.569E-2	0.588
131.898	0.587	3.568E-2	0.588
131.915	0.587	3.567E-2	0.588
131.932	0.587	3.558E-2	0.588
131.948	0.587	3.560E-2	0.588
131.965	0.587	3.560E-2	0.588
131.982	0.587	3.563E-2	0.588
131.999	0.587	3.566E-2	0.588
132.015	0.587	3.570E-2	0.588
132.032	0.587	3.570E-2	0.588
132.049	0.587	3.574E-2	0.588
132.065	0.587	3.577E-2	0.588
132.082	0.587	3.580E-2	0.588
132.099	0.587	3.580E-2	0.588
132.115	0.587	3.581E-2	0.588
132.132	0.587	3.580E-2	0.588
132.149	0.587	3.580E-2	0.588
132.165	0.587	3.582E-2	0.588
132.182	0.587	3.586E-2	0.588
132.199	0.587	3.588E-2	0.588
132.215	0.587	3.586E-2	0.589
132.232	0.588	3.584E-2	0.589
132.249	0.588	3.579E-2	0.589
132.265	0.588	3.577E-2	0.589
132.282	0.588	3.577E-2	0.589
132.299	0.588	3.582E-2	0.589
132.316	0.589	3.581E-2	0.590
132.332	0.589	3.580E-2	0.590
132.349	0.589	3.579E-2	0.590
132.366	0.589	3.590E-2	0.590
132.382	0.588	3.621E-2	0.590
132.399	0.588	3.616E-2	0.589
132.416	0.587	3.646E-2	0.588
132.432	0.587	3.735E-2	0.589
132.449	0.587	3.843E-2	0.588
132.466	0.586	3.980E-2	0.588
132.482	0.586	4.143E-2	0.587
132.499	0.585	4.292E-2	0.587
132.516	0.586	4.481E-2	0.587
132.532	0.586	4.667E-2	0.588
132.549	0.586	4.865E-2	0.588
132.566	0.587	5.087E-2	0.589
132.582	0.587	5.313E-2	0.590
132.599	0.588	5.558E-2	0.591
132.616	0.589	5.805E-2	0.592
132.632	0.591	6.078E-2	0.594
132.649	0.592	6.356E-2	0.595
132.666	0.594	6.668E-2	0.597
132.683	0.596	6.995E-2	0.600
132.699	0.598	7.341E-2	0.602
132.716	0.600	7.638E-2	0.604
132.733	0.602	7.905E-2	0.607
132.749	0.604	8.156E-2	0.609
132.766	0.605	8.356E-2	0.611
132.783	0.607	8.545E-2	0.613
132.799	0.609	8.700E-2	0.615
132.816	0.611	8.817E-2	0.617
132.833	0.613	8.948E-2	0.619
132.849	0.614	9.036E-2	0.621
132.866	0.617	9.106E-2	0.623
132.883	0.619	9.169E-2	0.625
132.899	0.621	9.217E-2	0.628
132.916	0.623	9.255E-2	0.630
132.933	0.625	9.285E-2	0.632
132.949	0.628	9.295E-2	0.635
132.966	0.631	9.281E-2	0.637
132.983	0.634	9.275E-2	0.640
133.000	0.637	9.266E-2	0.643
133.016	0.640	9.230E-2	0.647
133.033	0.644	9.190E-2	0.650
133.050	0.648	9.143E-2	0.654
133.066	0.651	9.076E-2	0.658
133.083	0.655	8.993E-2	0.662
133.100	0.660	8.884E-2	0.666
133.116	0.664	8.774E-2	0.670
133.133	0.668	8.642E-2	0.674
133.150	0.673	8.500E-2	0.678
133.166	0.677	8.338E-2	0.682
133.183	0.681	8.165E-2	0.686
133.200	0.685	7.973E-2	0.690
133.216	0.689	7.773E-2	0.694
133.233	0.693	7.553E-2	0.697
133.250	0.697	7.333E-2	0.701
133.266	0.700	7.104E-2	0.704
133.283	0.703	6.843E-2	0.707
133.300	0.706	6.525E-2	0.709
133.317	0.708	6.157E-2	0.711
133.333	0.710	5.705E-2	0.712
133.350	0.710	5.189E-2	0.712
133.367	0.710	4.634E-2	0.712
133.383	0.710	4.046E-2	0.711
133.400	0.710	3.759E-2	0.711
133.417	0.711	3.767E-2	0.712
133.433	0.714	3.759E-2	0.715
133.450	0.715	3.774E-2	0.716
133.467	0.715	3.789E-2	0.716
133.483	0.714	3.803E-2	0.715
133.500	0.714	3.815E-2	0.715
133.517	0.714	3.835E-2	0.715
133.533	0.715	3.853E-2	0.716
133.550	0.715	3.861E-2	0.716
133.567	0.715	3.879E-2	0.716
133.583	0.715	3.917E-2	0.716
133.600	0.715	3.944E-2	0.716
133.617	0.715	3.962E-2	0.717
133.633	0.716	3.973E-2	0.717
133.650	0.716	3.979E-2	0.717
133.667	0.716	3.990E-2	0.717
133.684	0.716	3.993E-2	0.718
133.700	0.717	4.015E-2	0.718
133.717	0.717	4.041E-2	0.718
133.734	0.717	4.055E-2	0.719
133.750	0.718	4.063E-2	0.719
133.767	0.718	4.072E-2	0.719
133.784	0.718	4.070E-2	0.720
133.800	0.718	4.064E-2	0.720
133.817	0.718	4.057E-2	0.719
133.834	0.718	4.052E-2	0.720
133.850	0.718	4.046E-2	0.720
133.867	0.718	4.043E-2	0.720
133.884	0.718	4.043E-2	0.720
133.900	0.718	4.041E-2	0.720
133.917	0.719	4.042E-2	0.720
133.934	0.718	4.040E-2	0.720
133.950	0.718	4.044E-2	0.720
133.967	0.718	4.044E-2	0.720
133.984	0.718	4.045E-2	0.720
134.001	0.718	4.048E-2	0.720
134.017	0.718	4.054E-2	0.720
134.034	0.718	4.054E-2	0.720
134.051	0.718	4.053E-2	0.720
134.067	0.718	4.065E-2	0.720
134.084	0.718	4.067E-2	0.720
134.101	0.718	4.082E-2	0.719
134.117	0.718	4.094E-2	0.719
134.134	0.718	4.105E-2	0.720
134.151	0.718	4.109E-2	0.720
134.167	0.719	4.112E-2	0.720
134.184	0.718	4.114E-2	0.720
134.201	0.718	4.117E-2	0.720
134.217	0.718	4.121E-2	0.720
134.234	0.718	4.127E-2	0.720
134.251	0.718	4.128E-2	0.720
134.267	0.718	4.131E-2	0.720
134.284	0.717	4.114E-2	0.718
134.301	0.717	4.137E-2	0.718
134.318	0.716	4.160E-2	0.717
134.334	0.715	4.176E-2	0.716
134.351	0.715	4.184E-2	0.716
134.368	0.713	4.176E-2	0.715
134.384	0.713	4.178E-2	0.714
134.401	0.712	4.219E-2	0.713
134.418	0.710	4.291E-2	0.712
134.434	0.710	4.374E-2	0.711
134.451	0.709	4.509E-2	0.711
134.468	0.709	4.664E-2	0.710
134.484	0.708	4.837E-2	0.709
134.501	0.707	4.986E-2	0.709
134.518	0.707	5.170E-2	0.709
134.534	0.707	5.379E-2	0.710
134.551	0.707	5.587E-2	0.710
134.568	0.708	5.793E-2	0.710
134.584	0.708	6.027E-2	0.711
134.601	0.709	6.249E-2	0.712
134.618	0.711	6.493E-2	0.714
134.635	0.712	6.742E-2	0.715
134.651	0.713	7.014E-2	0.717
134.668	0.715	7.293E-2	0.719
134.685	0.717	7.599E-2	0.721
134.701	0.720	7.933E-2	0.724
134.718	0.722	8.234E-2	0.727
134.735	0.725	8.528E-2	0.730
134.751	0.727	8.767E-2	0.732
134.768	0.729	8.987E-2	0.735
134.785	0.732	9.191E-2	0.737
134.801	0.734	9.372E-2	0.740
134.818	0.736	9.538E-2	0.742
134.835	0.739	9.706E-2	0.745
134.851	0.741	9.846E-2	0.748
134.868	0.744	9.975E-2	0.750
134.885	0.746	0.101	0.753
134.901	0.749	0.102	0.756
134.918	0.752	0.103	0.759
134.935	0.755	0.103	0.762
134.951	0.758	0.104	0.765
134.968	0.761	0.104	0.768
134.985	0.764	0.104	0.771
135.002	0.767	0.105	0.774
135.018	0.771	0.105	0.778
135.035	0.775	0.105	0.782
135.052	0.779	0.104	0.786
135.068	0.783	0.104	0.790
135.085	0.787	0.103	0.794
135.102	0.791	0.102	0.798
135.118	0.796	0.101	0.802
135.135	0.800	9.976E-2	0.806
135.152	0.804	9.842E-2	0.810
135.168	0.808	9.659E-2	0.814
135.185	0.812	9.456E-2	0.818
135.202	0.816	9.251E-2	0.821
135.218	0.820	9.037E-2	0.825
135.235	0.823	8.794E-2	0.828
135.252	0.827	8.541E-2	0.831
135.268	0.830	8.242E-2	0.834
135.285	0.832	7.890E-2	0.836
135.302	0.834	7.490E-2	0.837
135.319	0.835	7.024E-2	0.838
135.335	0.835	6.475E-2	0.837
135.352	0.834	5.917E-2	0.837
135.369	0.833	5.311E-2	0.835
135.385	0.832	4.696E-2	0.833
135.402	0.832	4.434E-2	0.833
135.419	0.832	4.447E-2	0.833
135.435	0.835	4.446E-2	0.836
135.452	0.835	4.459E-2	0.836
135.469	0.835	4.477E-2	0.836
135.485	0.834	4.497E-2	0.836
135.502	0.834	4.518E-2	0.835
135.519	0.834	4.538E-2	0.835
135.535	0.835	4.546E-2	0.836
135.552	0.835	4.560E-2	0.836
135.569	0.835	4.587E-2	0.836
135.585	0.835	4.614E-2	0.836
135.602	0.835	4.636E-2	0.836
135.619	0.835	4.660E-2	0.836
135.636	0.835	4.663E-2	0.837
135.652	0.836	4.669E-2	0.837
135.669	0.836	4.672E-2	0.837
135.686	0.836	4.675E-2	0.838
135.702	0.836	4.691E-2	0.837
135.719	0.836	4.716E-2	0.838
135.736	0.837	4.722E-2	0.838
135.752	0.837	4.733E-2	0.838
135.769	0.837	4.736E-2	0.839
135.786	0.838	4.734E-2	0.839
135.802	0.838	4.740E-2	0.839
135.819	0.838	4.725E-2	0.839
135.836	0.838	4.723E-2	0.839
135.852	0.838	4.720E-2	0.839
135.869	0.838	4.716E-2	0.839
135.886	0.838	4.713E-2	0.839
135.902	0.838	4.711E-2	0.839
135.919	0.838	4.710E-2	0.839
135.936	0.838	4.711E-2	0.839
135.952	0.838	4.712E-2	0.839
135.969	0.838	4.713E-2	0.839
135.986	0.838	4.713E-2	0.839
136.003	0.838	4.714E-2	0.839
136.019	0.838	4.717E-2	0.839
136.036	0.838	4.720E-2	0.839
136.053	0.838	4.724E-2	0.839
136.069	0.838	4.728E-2	0.839
136.086	0.838	4.732E-2	0.839
136.103	0.838	4.732E-2	0.839
136.119	0.838	4.735E-2	0.839
136.136	0.838	4.736E-2	0.839
136.153	0.838	4.731E-2	0.839
136.169	0.838	4.744E-2	0.839
136.186	0.838	4.743E-2	0.839
136.203	0.838	4.750E-2	0.839
136.219	0.838	4.732E-2	0.839
136.236	0.838	4.733E-2	0.839
136.253	0.838	4.730E-2	0.840
136.269	0.838	4.739E-2	0.840
136.286	0.838	4.747E-2	0.840
136.303	0.838	4.757E-2	0.839
136.320	0.838	4.787E-2	0.839
136.336	0.838	4.792E-2	0.839
136.353	0.837	4.789E-2	0.839
136.370	0.837	4.797E-2	0.838
136.386	0.834	4.760E-2	0.835
136.403	0.833	4.786E-2	0.835
136.420	0.832	4.846E-2	0.833
136.436	0.831	4.911E-2	0.832
136.453	0.831	5.033E-2	0.832
136.470	0.831	5.190E-2	0.833
136.486	0.830	5.371E-2	0.832
136.503	0.830	5.539E-2	0.832
136.520	0.830	5.729E-2	0.832
136.536	0.831	5.930E-2	0.833
136.553	0.831	6.130E-2	0.834
136.570	0.832	6.338E-2	0.834
136.586	0.832	6.547E-2	0.835
136.603	0.833	6.772E-2	0.836
136.620	0.834	6.982E-2	0.837
136.637	0.836	7.219E-2	0.839
136.653	0.837	7.480E-2	0.841
136.670	0.839	7.747E-2	0.842
136.687	0.841	8.019E-2	0.845
136.703	0.843	8.303E-2	0.847
136.720	0.846	8.591E-2	0.850
136.737	0.848	8.900E-2	0.853
136.753	0.850	9.196E-2	0.855
136.770	0.853	9.464E-2	0.858
136.787	0.856	9.709E-2	0.861
136.803	0.858	9.918E-2	0.864
136.820	0.860	0.101	0.866
136.837	0.862	0.102	0.868
136.853	0.864	0.104	0.870
136.870	0.866	0.105	0.873
136.887	0.869	0.105	0.875
136.903	0.871	0.106	0.877
136.920	0.873	0.107	0.880
136.937	0.876	0.107	0.882
136.953	0.878	0.108	0.885
136.970	0.881	0.108	0.888
136.987	0.884	0.108	0.891
137.004	0.887	0.108	0.894
137.020	0.891	0.108	0.897
137.037	0.894	0.108	0.901
137.054	0.898	0.108	0.905
137.070	0.902	0.107	0.909
137.087	0.906	0.107	0.913
137.104	0.911	0.106	0.917
137.120	0.915	0.105	0.921
137.137	0.920	0.104	0.926
137.154	0.925	0.103	0.930
137.170	0.929	0.102	0.934
137.187	0.934	0.100	0.939
137.204	0.937	9.875E-2	0.943
137.220	0.942	9.694E-2	0.947
137.237	0.946	9.514E-2	0.950
137.254	0.950	9.320E-2	0.954
137.270	0.953	9.096E-2	0.958
137.287	0.957	8.853E-2	0.961
137.304	0.959	8.535E-2	0.963
137.321	0.961	8.151E-2	0.964
137.337	0.961	7.686E-2	0.964
137.354	0.961	7.148E-2	0.964
137.371	0.960	6.582E-2	0.962
137.387	0.958	5.959E-2	0.960
137.404	0.956	5.328E-2	0.957
137.421	0.956	5.097E-2	0.957
137.437	0.956	5.115E-2	0.957
137.454	0.958	5.116E-2	0.960
137.471	0.959	5.131E-2	0.961
137.487	0.959	5.128E-2	0.960
137.504	0.958	5.140E-2	0.960
137.521	0.958	5.158E-2	0.960
137.537	0.958	5.169E-2	0.960
137.554	0.959	5.190E-2	0.960
137.571	0.959	5.215E-2	0.960
137.587	0.958	5.221E-2	0.960
137.604	0.958	5.228E-2	0.960
137.621	0.958	5.257E-2	0.960
137.637	0.958	5.273E-2	0.960
137.654	0.959	5.269E-2	0.960
137.671	0.959	5.278E-2	0.961
137.688	0.959	5.292E-2	0.961
137.704	0.959	5.283E-2	0.961
137.721	0.960	5.290E-2	0.961
137.738	0.960	5.313E-2	0.961
137.754	0.960	5.312E-2	0.962
137.771	0.961	5.325E-2	0.962
137.788	0.962	5.327E-2	0.963
137.804	0.962	5.339E-2	0.963
137.821	0.962	5.339E-2	0.963
137.838	0.962	5.334E-2	0.963
137.854	0.962	5.332E-2	0.963
137.871	0.962	5.318E-2	0.964
137.888	0.962	5.322E-2	0.964
137.904	0.962	5.318E-2	0.964
137.921	0.962	5.319E-2	0.964
137.938	0.962	5.324E-2	0.964
137.954	0.962	5.319E-2	0.964
137.971	0.963	5.323E-2	0.964
137.988	0.963	5.322E-2	0.964
138.005	0.963	5.326E-2	0.964
138.021	0.963	5.312E-2	0.964
138.038	0.963	5.318E-2	0.964
138.055	0.963	5.325E-2	0.964
138.071	0.963	5.325E-2	0.964
138.088	0.963	5.332E-2	0.965
138.105	0.963	5.335E-2	0.965
138.121	0.963	5.332E-2	0.965
138.138	0.963	5.339E-2	0.965
138.155	0.963	5.346E-2	0.965
138.171	0.963	5.353E-2	0.965
138.188	0.963	5.341E-2	0.965
138.205	0.963	5.363E-2	0.965
138.221	0.963	5.378E-2	0.965
138.238	0.963	5.384E-2	0.965
138.255	0.963	5.385E-2	0.965
138.271	0.963	5.391E-2	0.965
138.288	0.963	5.404E-2	0.965
138.305	0.963	5.413E-2	0.965
138.322	0.963	5.427E-2	0.965
138.338	0.962	5.414E-2	0.964
138.355	0.961	5.398E-2	0.963
138.372	0.960	5.400E-2	0.962
138.388	0.958	5.401E-2	0.960
138.405	0.958	5.444E-2	0.959
138.422	0.955	5.439E-2	0.956
138.438	0.953	5.462E-2	0.954
138.455	0.953	5.533E-2	0.954
138.472	0.952	5.650E-2	0.954
138.488	0.951	5.789E-2	0.953
138.505	0.950	5.924E-2	0.952
138.522	0.950	6.073E-2	0.952
138.538	0.950	6.254E-2	0.952
138.555	0.950	6.431E-2	0.952
138.572	0.950	6.623E-2	0.953
138.588	0.951	6.832E-2	0.953
138.605	0.951	7.054E-2	0.954
138.622	0.953	7.292E-2	0.956
138.638	0.955	7.539E-2	0.957
138.655	0.956	7.806E-2	0.960
138.672	0.959	8.076E-2	0.962
138.689	0.961	8.360E-2	0.965
138.705	0.964	8.648E-2	0.968
138.722	0.967	8.958E-2	0.971
138.739	0.970	9.261E-2	0.975
138.755	0.973	9.530E-2	0.978
138.772	0.976	9.779E-2	0.981
138.789	0.979	0.100	0.984
138.805	0.982	0.102	0.987
138.822	0.985	0.104	0.990
138.839	0.987	0.105	0.993
138.855	0.990	0.106	0.996
138.872	0.993	0.108	0.999
138.889	0.996	0.109	1.002
138.905	1.000	0.110	1.006
138.922	1.003	0.111	1.009
138.939	1.006	0.111	1.012
138.955	1.009	0.112	1.016
138.972	1.013	0.112	1.019
138.989	1.017	0.113	1.023
139.006	1.020	0.113	1.027
139.022	1.025	0.113	1.031
139.039	1.029	0.113	1.035
139.056	1.034	0.113	1.040
139.072	1.039	0.113	1.045
139.089	1.043	0.112	1.049
139.106	1.048	0.112	1.054
139.122	1.053	0.111	1.059
139.139	1.058	0.110	1.064
139.156	1.063	0.109	1.068
139.172	1.068	0.107	1.073
139.189	1.073	0.105	1.078
139.206	1.077	0.103	1.082
139.222	1.082	0.101	1.087
139.239	1.086	9.914E-2	1.090
139.256	1.089	9.688E-2	1.094
139.272	1.093	9.439E-2	1.097
139.289	1.096	9.171E-2	1.100
139.306	1.099	8.863E-2	1.102
139.323	1.100	8.486E-2	1.104
139.339	1.101	8.055E-2	1.104
139.356	1.101	7.551E-2	1.103
139.373	1.099	7.007E-2	1.101
139.389	1.097	6.419E-2	1.099
139.406	1.093	5.818E-2	1.095
139.423	1.094	5.654E-2	1.096
139.439	1.095	5.664E-2	1.097
139.456	1.097	5.681E-2	1.099
139.473	1.098	5.676E-2	1.100
139.489	1.098	5.685E-2	1.100
139.506	1.097	5.702E-2	1.099
139.523	1.097	5.726E-2	1.099
139.539	1.098	5.735E-2	1.099
139.556	1.098	5.739E-2	1.099
139.573	1.097	5.778E-2	1.099
139.589	1.097	5.804E-2	1.099
139.606	1.097	5.822E-2	1.098
139.623	1.097	5.834E-2	1.098
139.639	1.097	5.858E-2	1.098
139.656	1.097	5.866E-2	1.099
139.673	1.097	5.867E-2	1.099
139.690	1.097	5.883E-2	1.099
139.706	1.097	5.883E-2	1.099
139.723	1.098	5.895E-2	1.099
139.740	1.098	5.910E-2	1.099
139.756	1.098	5.931E-2	1.100
139.773	1.098	5.930E-2	1.100
139.790	1.099	5.937E-2	1.100
139.806	1.099	5.945E-2	1.100
139.823	1.099	5.950E-2	1.101
139.840	1.099	5.935E-2	1.101
139.856	1.099	5.931E-2	1.101
139.873	1.099	5.937E-2	1.101
139.890	1.100	5.940E-2	1.101
139.906	1.099	5.936E-2	1.101
139.923	1.100	5.933E-2	1.101
139.940	1.100	5.934E-2	1.101
139.956	1.100	5.941E-2	1.102
139.973	1.100	5.941E-2	1.102
139.990	1.100	5.938E-2	1.102
140.007	1.100	5.944E-2	1.102
140.023	1.100	5.942E-2	1.102
140.040	1.100	5.955E-2	1.101
140.057	1.100	5.952E-2	1.102
140.073	1.100	5.957E-2	1.102
140.090	1.100	5.964E-2	1.101
140.107	1.100	5.960E-2	1.102
140.123	1.100	5.992E-2	1.101
140.140	1.099	5.996E-2	1.101
140.157	1.099	6.002E-2	1.101
140.173	1.099	6.014E-2	1.101
140.190	1.099	6.019E-2	1.101
140.207	1.099	6.016E-2	1.101
140.223	1.100	6.021E-2	1.101
140.240	1.099	6.031E-2	1.101
140.257	1.099	6.026E-2	1.101
140.273	1.099	6.019E-2	1.101
140.290	1.099	6.023E-2	1.101
140.307	1.098	6.050E-2	1.100
140.324	1.097	6.064E-2	1.098
140.340	1.096	6.053E-2	1.098
140.357	1.093	6.061E-2	1.094
140.374	1.090	6.049E-2	1.092
140.390	1.088	6.059E-2	1.090
140.407	1.084	6.043E-2	1.086
140.424	1.082	6.073E-2	1.084
140.440	1.082	6.178E-2	1.083
140.457	1.081	6.336E-2	1.083
140.474	1.080	6.490E-2	1.082
140.490	1.080	6.627E-2	1.082
140.507	1.079	6.785E-2	1.081
140.524	1.078	6.954E-2	1.081
140.540	1.078	7.117E-2	1.081
140.557	1.078	7.311E-2	1.081
140.574	1.078	7.520E-2	1.081
140.590	1.079	7.699E-2	1.082
140.607	1.080	7.921E-2	1.083
140.624	1.082	8.135E-2	1.085
140.641	1.084	8.353E-2	1.087
140.657	1.086	8.613E-2	1.089
140.674	1.089	8.852E-2	1.092
140.691	1.091	9.104E-2	1.095
140.707	1.094	9.368E-2	1.098
140.724	1.098	9.667E-2	1.102
140.741	1.102	9.965E-2	1.106
140.757	1.105	0.102	1.110
140.774	1.109	0.105	1.114
140.791	1.113	0.108	1.118
140.807	1.116	0.110	1.122
140.824	1.120	0.112	1.126
140.841	1.121	0.116	1.127
