	mass B		
t	x	y	
31.698	-0.504	2.133E-2
31.715	-0.511	2.120E-2
31.732	-0.517	2.127E-2
31.748	-0.520	2.126E-2
31.765	-0.521	2.109E-2
31.782	-0.521	2.083E-2
31.798	-0.521	2.074E-2
31.815	-0.521	2.072E-2
31.832	-0.521	2.081E-2
31.848	-0.521	2.090E-2
31.865	-0.521	2.107E-2
31.882	-0.524	2.129E-2
31.899	-0.527	2.158E-2
31.915	-0.530	2.185E-2
31.932	-0.534	2.195E-2
31.949	-0.535	2.205E-2
31.965	-0.536	2.220E-2
31.982	-0.536	2.245E-2
31.999	-0.536	2.314E-2
32.015	-0.535	2.372E-2
32.032	-0.533	2.449E-2
32.049	-0.529	2.533E-2
32.065	-0.526	2.646E-2
32.082	-0.522	2.784E-2
32.099	-0.517	2.943E-2
32.115	-0.511	3.102E-2
32.132	-0.504	3.299E-2
32.149	-0.498	3.514E-2
32.165	-0.491	3.788E-2
32.182	-0.485	4.094E-2
32.199	-0.478	4.367E-2
32.216	-0.472	4.600E-2
32.232	-0.465	4.762E-2
32.249	-0.459	4.860E-2
32.266	-0.453	4.848E-2
32.282	-0.445	4.743E-2
32.299	-0.438	4.495E-2
32.316	-0.431	4.161E-2
32.332	-0.424	3.744E-2
32.349	-0.418	3.262E-2
32.366	-0.413	2.751E-2
32.382	-0.409	2.210E-2
32.399	-0.408	2.126E-2
32.416	-0.408	2.119E-2
32.432	-0.407	2.076E-2
32.449	-0.407	2.074E-2
32.466	-0.408	2.062E-2
32.482	-0.409	2.060E-2
32.499	-0.409	2.061E-2
32.516	-0.409	2.073E-2
32.532	-0.410	2.154E-2
32.549	-0.419	2.370E-2
32.566	-0.428	2.801E-2
32.583	-0.426	2.992E-2
32.599	-0.426	3.141E-2
32.616	-0.428	3.205E-2
32.633	-0.431	3.206E-2
32.649	-0.433	3.088E-2
32.666	-0.434	2.884E-2
32.683	-0.434	2.683E-2
32.699	-0.435	2.497E-2
32.716	-0.437	2.348E-2
32.733	-0.438	2.211E-2
32.749	-0.440	2.134E-2
32.766	-0.442	2.162E-2
32.783	-0.445	2.188E-2
32.799	-0.446	2.183E-2
32.816	-0.448	2.211E-2
32.833	-0.448	2.221E-2
32.849	-0.446	2.234E-2
32.866	-0.444	2.243E-2
32.883	-0.440	2.256E-2
32.900	-0.435	2.312E-2
32.916	-0.430	2.385E-2
32.933	-0.424	2.484E-2
32.950	-0.418	2.625E-2
32.966	-0.411	2.880E-2
32.983	-0.407	3.187E-2
33.000	-0.402	3.520E-2
33.016	-0.397	3.807E-2
33.033	-0.391	4.037E-2
33.050	-0.385	4.190E-2
33.066	-0.380	4.268E-2
33.083	-0.373	4.241E-2
33.100	-0.367	4.106E-2
33.116	-0.361	3.865E-2
33.133	-0.355	3.559E-2
33.150	-0.350	3.187E-2
33.166	-0.346	2.740E-2
33.183	-0.342	2.292E-2
33.200	-0.341	2.127E-2
33.217	-0.341	2.115E-2
33.233	-0.340	2.061E-2
33.250	-0.340	2.055E-2
33.267	-0.341	2.049E-2
33.283	-0.343	2.049E-2
33.300	-0.346	2.060E-2
33.317	-0.350	2.101E-2
33.333	-0.354	2.167E-2
33.350	-0.358	2.314E-2
33.367	-0.362	2.391E-2
33.383	-0.365	2.351E-2
33.400	-0.365	2.195E-2
33.417	-0.366	2.124E-2
33.433	-0.367	2.139E-2
33.450	-0.371	2.149E-2
33.467	-0.373	2.113E-2
33.483	-0.375	2.110E-2
33.500	-0.377	2.115E-2
33.517	-0.378	2.128E-2
33.533	-0.381	2.177E-2
33.550	-0.384	2.232E-2
33.567	-0.386	2.255E-2
33.584	-0.388	2.296E-2
33.600	-0.389	2.363E-2
33.617	-0.390	2.432E-2
33.634	-0.390	2.521E-2
33.650	-0.388	2.624E-2
33.667	-0.386	2.709E-2
33.684	-0.381	2.781E-2
33.700	-0.377	2.856E-2
33.717	-0.371	2.938E-2
33.734	-0.365	3.071E-2
33.750	-0.359	3.266E-2
33.767	-0.354	3.708E-2
33.784	-0.351	4.154E-2
33.800	-0.347	4.601E-2
33.817	-0.341	4.997E-2
33.834	-0.336	5.325E-2
33.850	-0.331	5.600E-2
33.867	-0.326	5.803E-2
33.884	-0.320	5.878E-2
33.901	-0.314	5.860E-2
33.917	-0.308	5.747E-2
33.934	-0.303	5.532E-2
33.951	-0.297	5.258E-2
33.967	-0.292	4.915E-2
33.984	-0.289	4.564E-2
34.001	-0.286	4.200E-2
34.017	-0.285	3.841E-2
34.034	-0.284	3.482E-2
34.051	-0.285	3.147E-2
34.067	-0.287	2.829E-2
34.084	-0.289	2.491E-2
34.101	-0.292	2.181E-2
34.117	-0.294	2.134E-2
34.134	-0.298	2.157E-2
34.151	-0.303	2.162E-2
34.167	-0.305	2.150E-2
34.184	-0.305	2.135E-2
34.201	-0.305	2.135E-2
34.218	-0.305	2.162E-2
34.234	-0.305	2.189E-2
34.251	-0.307	2.201E-2
34.268	-0.310	2.200E-2
34.284	-0.312	2.203E-2
34.301	-0.315	2.205E-2
34.318	-0.316	2.206E-2
34.334	-0.318	2.210E-2
34.351	-0.320	2.225E-2
34.368	-0.321	2.246E-2
34.384	-0.323	2.286E-2
34.401	-0.323	2.318E-2
34.418	-0.324	2.377E-2
34.434	-0.323	2.448E-2
34.451	-0.321	2.516E-2
34.468	-0.319	2.588E-2
34.484	-0.315	2.640E-2
34.501	-0.311	2.695E-2
34.518	-0.305	2.772E-2
34.535	-0.300	2.873E-2
34.551	-0.293	3.022E-2
34.568	-0.287	3.262E-2
34.585	-0.283	3.619E-2
34.601	-0.279	4.000E-2
34.618	-0.274	4.332E-2
34.635	-0.268	4.592E-2
34.651	-0.262	4.786E-2
34.668	-0.257	4.900E-2
34.685	-0.251	4.916E-2
34.701	-0.245	4.820E-2
34.718	-0.239	4.609E-2
34.735	-0.234	4.339E-2
34.751	-0.228	3.967E-2
34.768	-0.223	3.519E-2
34.785	-0.219	3.068E-2
34.801	-0.217	2.605E-2
34.818	-0.215	2.136E-2
34.835	-0.214	2.036E-2
34.851	-0.215	2.031E-2
34.868	-0.216	2.004E-2
34.885	-0.217	1.986E-2
34.902	-0.217	1.982E-2
34.918	-0.218	1.990E-2
34.935	-0.219	1.987E-2
34.952	-0.219	1.994E-2
34.968	-0.219	2.006E-2
34.985	-0.219	2.023E-2
35.002	-0.221	2.039E-2
35.018	-0.222	2.048E-2
35.035	-0.223	2.046E-2
35.052	-0.223	2.052E-2
35.068	-0.223	2.066E-2
35.085	-0.222	2.070E-2
35.102	-0.224	2.097E-2
35.118	-0.226	2.129E-2
35.135	-0.228	2.162E-2
35.152	-0.230	2.196E-2
35.168	-0.231	2.242E-2
35.185	-0.232	2.291E-2
35.202	-0.231	2.327E-2
35.219	-0.231	2.383E-2
35.235	-0.230	2.465E-2
35.252	-0.228	2.563E-2
35.269	-0.226	2.684E-2
35.285	-0.223	2.834E-2
35.302	-0.220	3.025E-2
35.319	-0.217	3.332E-2
35.335	-0.214	3.626E-2
35.352	-0.209	3.901E-2
35.369	-0.203	4.102E-2
35.385	-0.197	4.288E-2
35.402	-0.192	4.521E-2
35.419	-0.186	4.741E-2
35.435	-0.181	4.927E-2
35.452	-0.175	5.032E-2
35.469	-0.170	5.042E-2
35.485	-0.164	4.946E-2
35.502	-0.158	4.741E-2
35.519	-0.152	4.434E-2
35.535	-0.146	4.035E-2
35.552	-0.141	3.581E-2
35.569	-0.136	3.078E-2
35.586	-0.132	2.576E-2
35.602	-0.129	2.112E-2
35.619	-0.128	2.054E-2
35.636	-0.128	2.052E-2
35.652	-0.127	2.008E-2
35.669	-0.128	2.003E-2
35.686	-0.128	1.997E-2
35.702	-0.129	2.005E-2
35.719	-0.131	2.006E-2
35.736	-0.133	2.098E-2
35.752	-0.135	2.166E-2
35.769	-0.138	2.248E-2
35.786	-0.139	2.254E-2
35.802	-0.140	2.184E-2
35.819	-0.140	2.138E-2
35.836	-0.140	2.167E-2
35.852	-0.140	2.168E-2
35.869	-0.140	2.176E-2
35.886	-0.140	2.193E-2
35.903	-0.142	2.223E-2
35.919	-0.145	2.254E-2
35.936	-0.146	2.282E-2
35.953	-0.148	2.309E-2
35.969	-0.150	2.364E-2
35.986	-0.151	2.433E-2
36.003	-0.151	2.506E-2
36.019	-0.151	2.601E-2
36.036	-0.150	2.740E-2
36.053	-0.149	2.855E-2
36.069	-0.147	2.958E-2
36.086	-0.143	3.024E-2
36.103	-0.139	3.111E-2
36.119	-0.134	3.206E-2
36.136	-0.129	3.347E-2
36.153	-0.124	3.540E-2
36.169	-0.120	3.949E-2
36.186	-0.116	4.389E-2
36.203	-0.112	4.833E-2
36.220	-0.107	5.230E-2
36.236	-0.102	5.559E-2
36.253	-9.709E-2	5.823E-2
36.270	-9.218E-2	6.020E-2
36.286	-8.684E-2	6.122E-2
36.303	-8.117E-2	6.132E-2
36.320	-7.559E-2	6.047E-2
36.336	-6.994E-2	5.872E-2
36.353	-6.455E-2	5.627E-2
36.370	-5.961E-2	5.309E-2
36.386	-5.579E-2	4.975E-2
36.403	-5.295E-2	4.620E-2
36.420	-5.124E-2	4.261E-2
36.436	-5.025E-2	3.922E-2
36.453	-5.036E-2	3.605E-2
36.470	-5.148E-2	3.304E-2
36.486	-5.318E-2	3.036E-2
36.503	-5.540E-2	2.755E-2
36.520	-5.764E-2	2.471E-2
36.536	-5.894E-2	2.252E-2
36.553	-5.954E-2	2.235E-2
36.570	-6.072E-2	2.250E-2
36.587	-6.252E-2	2.192E-2
36.603	-6.257E-2	2.184E-2
36.620	-6.265E-2	2.187E-2
36.637	-6.268E-2	2.205E-2
36.653	-6.269E-2	2.228E-2
36.670	-6.261E-2	2.254E-2
36.687	-6.444E-2	2.272E-2
36.703	-6.659E-2	2.307E-2
36.720	-6.897E-2	2.336E-2
36.737	-7.066E-2	2.357E-2
36.753	-7.170E-2	2.363E-2
36.770	-7.226E-2	2.383E-2
36.787	-7.291E-2	2.413E-2
36.803	-7.300E-2	2.450E-2
36.820	-7.310E-2	2.517E-2
36.837	-7.243E-2	2.602E-2
36.853	-7.111E-2	2.690E-2
36.870	-6.926E-2	2.779E-2
36.887	-6.670E-2	2.886E-2
36.904	-6.394E-2	3.016E-2
36.920	-6.065E-2	3.178E-2
36.937	-5.685E-2	3.386E-2
36.954	-5.235E-2	3.583E-2
36.970	-4.721E-2	3.769E-2
36.987	-4.180E-2	3.954E-2
37.004	-3.630E-2	4.140E-2
37.020	-3.133E-2	4.333E-2
37.037	-2.634E-2	4.487E-2
37.054	-2.093E-2	4.565E-2
37.070	-1.562E-2	4.552E-2
37.087	-9.956E-3	4.437E-2
37.104	-4.268E-3	4.221E-2
37.120	1.206E-3	3.899E-2
37.137	6.679E-3	3.501E-2
37.154	1.181E-2	3.010E-2
37.170	1.641E-2	2.447E-2
37.187	1.987E-2	2.215E-2
37.204	1.959E-2	2.223E-2
37.221	2.122E-2	2.179E-2
37.237	2.161E-2	2.188E-2
37.254	2.125E-2	2.171E-2
37.271	2.071E-2	2.159E-2
37.287	2.028E-2	2.169E-2
37.304	1.884E-2	2.255E-2
37.321	1.629E-2	2.443E-2
37.337	1.473E-2	2.741E-2
37.354	1.488E-2	2.960E-2
37.371	1.455E-2	3.122E-2
37.387	1.406E-2	3.260E-2
37.404	1.303E-2	3.327E-2
37.421	1.189E-2	3.266E-2
37.437	1.060E-2	3.108E-2
37.454	9.474E-3	2.885E-2
37.471	8.074E-3	2.646E-2
37.487	6.484E-3	2.428E-2
37.504	4.950E-3	2.327E-2
37.521	3.038E-3	2.331E-2
37.538	1.253E-3	2.323E-2
37.554	2.118E-4	2.333E-2
37.571	-1.975E-3	2.362E-2
37.588	-3.920E-3	2.376E-2
37.604	-5.311E-3	2.403E-2
37.621	-6.298E-3	2.461E-2
37.638	-5.912E-3	2.485E-2
37.654	-4.314E-3	2.463E-2
37.671	-1.835E-3	2.425E-2
37.688	1.578E-3	2.432E-2
37.704	5.376E-3	2.448E-2
37.721	1.005E-2	2.503E-2
37.738	1.475E-2	2.622E-2
37.754	1.936E-2	2.765E-2
37.771	2.402E-2	3.068E-2
37.788	2.794E-2	3.536E-2
37.804	3.222E-2	4.010E-2
37.821	3.664E-2	4.462E-2
37.838	4.186E-2	4.844E-2
37.854	4.737E-2	5.153E-2
37.871	5.241E-2	5.404E-2
37.888	5.782E-2	5.547E-2
37.905	6.376E-2	5.603E-2
37.921	6.961E-2	5.543E-2
37.938	7.532E-2	5.392E-2
37.955	8.060E-2	5.134E-2
37.971	8.545E-2	4.804E-2
37.988	8.948E-2	4.452E-2
38.005	9.233E-2	4.085E-2
38.021	9.417E-2	3.707E-2
38.038	9.488E-2	3.355E-2
38.055	9.471E-2	3.014E-2
38.071	9.357E-2	2.705E-2
38.088	9.177E-2	2.434E-2
38.105	8.956E-2	2.227E-2
38.121	8.882E-2	2.112E-2
38.138	8.817E-2	2.086E-2
38.155	8.685E-2	2.072E-2
38.171	8.487E-2	2.062E-2
38.188	8.170E-2	2.070E-2
38.205	7.866E-2	2.050E-2
38.222	7.809E-2	2.036E-2
38.238	7.799E-2	2.040E-2
38.255	7.823E-2	2.054E-2
38.272	7.811E-2	2.064E-2
38.288	7.625E-2	2.088E-2
38.305	7.413E-2	2.116E-2
38.322	7.165E-2	2.129E-2
38.338	6.986E-2	2.138E-2
38.355	6.818E-2	2.136E-2
38.372	6.733E-2	2.165E-2
38.388	6.613E-2	2.209E-2
38.405	6.548E-2	2.256E-2
38.422	6.499E-2	2.339E-2
38.438	6.548E-2	2.431E-2
38.455	6.650E-2	2.517E-2
38.472	6.823E-2	2.621E-2
38.488	7.076E-2	2.742E-2
38.505	7.374E-2	2.882E-2
38.522	7.756E-2	3.042E-2
38.538	8.188E-2	3.216E-2
38.555	8.703E-2	3.393E-2
38.572	9.225E-2	3.616E-2
38.589	9.731E-2	3.890E-2
38.605	0.102	4.169E-2
38.622	0.107	4.420E-2
38.639	0.113	4.612E-2
38.655	0.118	4.729E-2
38.672	0.124	4.770E-2
38.689	0.130	4.697E-2
38.705	0.136	4.492E-2
38.722	0.142	4.164E-2
38.739	0.147	3.757E-2
38.755	0.153	3.255E-2
38.772	0.158	2.673E-2
38.789	0.162	2.062E-2
38.805	0.165	1.673E-2
38.822	0.165	1.646E-2
38.839	0.166	1.640E-2
38.855	0.167	1.675E-2
38.872	0.168	1.671E-2
38.889	0.168	1.662E-2
38.906	0.166	1.678E-2
38.922	0.164	1.746E-2
38.939	0.160	1.857E-2
38.956	0.156	2.085E-2
38.972	0.155	2.254E-2
38.989	0.154	2.374E-2
39.006	0.153	2.439E-2
39.022	0.152	2.425E-2
39.039	0.150	2.311E-2
39.056	0.148	2.109E-2
39.072	0.145	1.870E-2
39.089	0.143	1.702E-2
39.106	0.140	1.696E-2
39.122	0.137	1.735E-2
39.139	0.135	1.736E-2
39.156	0.132	1.738E-2
39.172	0.130	1.750E-2
39.189	0.128	1.783E-2
39.206	0.127	1.804E-2
39.223	0.126	1.820E-2
39.239	0.126	1.828E-2
39.256	0.126	1.806E-2
39.273	0.128	1.790E-2
39.289	0.132	1.769E-2
39.306	0.136	1.803E-2
39.323	0.140	1.944E-2
39.339	0.145	2.207E-2
39.356	0.150	2.449E-2
39.373	0.155	2.756E-2
39.389	0.160	3.075E-2
39.406	0.165	3.405E-2
39.423	0.171	3.824E-2
39.439	0.177	4.219E-2
39.456	0.182	4.556E-2
39.473	0.189	4.797E-2
39.489	0.195	4.908E-2
39.506	0.201	4.914E-2
39.523	0.208	4.800E-2
39.539	0.214	4.596E-2
39.556	0.220	4.284E-2
39.573	0.226	3.878E-2
39.590	0.230	3.426E-2
39.606	0.233	2.950E-2
39.623	0.234	2.481E-2
39.640	0.235	2.040E-2
39.656	0.234	1.630E-2
39.673	0.233	1.268E-2
39.690	0.231	1.221E-2
39.706	0.227	1.245E-2
39.723	0.223	1.290E-2
39.740	0.218	1.347E-2
39.756	0.215	1.288E-2
39.773	0.213	1.193E-2
39.790	0.211	1.160E-2
39.806	0.209	1.127E-2
39.823	0.209	1.111E-2
39.840	0.209	1.109E-2
39.856	0.209	1.113E-2
39.873	0.207	1.139E-2
39.890	0.204	1.166E-2
39.907	0.201	1.192E-2
39.923	0.198	1.199E-2
39.940	0.195	1.213E-2
39.957	0.193	1.230E-2
39.973	0.191	1.264E-2
39.990	0.190	1.305E-2
40.007	0.189	1.362E-2
40.023	0.188	1.440E-2
40.040	0.188	1.503E-2
40.057	0.189	1.593E-2
40.073	0.192	1.614E-2
40.090	0.196	1.607E-2
40.107	0.201	1.581E-2
40.123	0.207	1.615E-2
40.140	0.212	1.702E-2
40.157	0.218	1.832E-2
40.173	0.225	2.238E-2
40.190	0.230	2.664E-2
40.207	0.236	3.145E-2
40.224	0.242	3.577E-2
40.240	0.249	3.900E-2
40.257	0.256	4.161E-2
40.274	0.263	4.339E-2
40.290	0.270	4.369E-2
40.307	0.278	4.292E-2
40.324	0.286	4.050E-2
40.340	0.294	3.664E-2
