	mass A		
t	x	y	
2.035	-0.288	8.698E-2
2.052	-0.288	8.696E-2
2.069	-0.288	8.698E-2
2.085	-0.288	8.698E-2
2.102	-0.292	8.749E-2
2.119	-0.297	8.818E-2
2.135	-0.304	8.918E-2
2.152	-0.312	8.985E-2
2.169	-0.318	9.121E-2
2.186	-0.324	9.235E-2
2.202	-0.330	9.384E-2
2.219	-0.334	9.576E-2
2.236	-0.337	9.795E-2
2.252	-0.340	0.100
2.269	-0.340	0.103
2.286	-0.338	0.105
2.302	-0.335	0.108
2.319	-0.331	0.111
2.336	-0.325	0.113
2.352	-0.318	0.115
2.369	-0.310	0.118
2.386	-0.303	0.121
2.402	-0.296	0.124
2.419	-0.289	0.127
2.436	-0.282	0.129
2.452	-0.274	0.128
2.469	-0.265	0.126
2.486	-0.257	0.122
2.502	-0.250	0.117
2.519	-0.243	0.112
2.536	-0.237	0.106
2.553	-0.234	0.102
2.569	-0.232	9.776E-2
2.586	-0.232	9.404E-2
2.603	-0.233	8.982E-2
2.619	-0.236	8.567E-2
2.636	-0.237	8.522E-2
2.653	-0.241	8.567E-2
2.669	-0.243	8.522E-2
2.686	-0.243	8.522E-2
2.703	-0.243	8.533E-2
2.719	-0.243	8.550E-2
2.736	-0.244	8.594E-2
2.753	-0.246	8.635E-2
2.769	-0.250	8.702E-2
2.786	-0.255	8.772E-2
2.803	-0.258	8.817E-2
2.819	-0.262	8.874E-2
2.836	-0.265	8.940E-2
2.853	-0.267	9.033E-2
2.870	-0.269	9.147E-2
2.886	-0.271	9.322E-2
2.903	-0.271	9.500E-2
2.920	-0.270	9.733E-2
2.936	-0.268	9.926E-2
2.953	-0.264	0.101
2.970	-0.258	0.103
2.986	-0.251	0.104
3.003	-0.242	0.105
3.020	-0.233	0.107
3.036	-0.225	0.109
3.053	-0.216	0.110
3.070	-0.207	0.113
3.086	-0.199	0.115
3.103	-0.191	0.117
3.120	-0.182	0.116
3.136	-0.173	0.114
3.153	-0.164	0.110
3.170	-0.156	0.104
3.187	-0.149	9.838E-2
3.203	-0.143	9.180E-2
3.220	-0.139	8.526E-2
3.237	-0.137	8.379E-2
3.253	-0.137	8.376E-2
3.270	-0.136	8.281E-2
3.287	-0.136	8.263E-2
3.303	-0.136	8.253E-2
3.320	-0.137	8.306E-2
3.337	-0.138	8.336E-2
3.353	-0.138	8.343E-2
3.370	-0.138	8.352E-2
3.387	-0.138	8.359E-2
3.403	-0.138	8.345E-2
3.420	-0.138	8.340E-2
3.437	-0.138	8.371E-2
3.453	-0.139	8.396E-2
3.470	-0.140	8.432E-2
3.487	-0.143	8.507E-2
3.503	-0.147	8.600E-2
3.520	-0.150	8.707E-2
3.537	-0.152	8.866E-2
3.554	-0.153	9.018E-2
3.570	-0.153	9.189E-2
3.587	-0.151	9.385E-2
3.604	-0.150	9.639E-2
3.620	-0.147	9.998E-2
3.637	-0.144	0.105
3.654	-0.141	0.110
3.670	-0.136	0.115
3.687	-0.130	0.121
3.704	-0.123	0.125
3.720	-0.116	0.128
3.737	-0.108	0.130
3.754	-9.925E-2	0.131
3.770	-9.092E-2	0.130
3.787	-8.189E-2	0.127
3.804	-7.301E-2	0.122
3.820	-6.445E-2	0.117
3.837	-5.644E-2	0.110
3.854	-4.958E-2	0.102
3.871	-4.433E-2	9.469E-2
3.887	-4.053E-2	8.781E-2
3.904	-3.809E-2	8.347E-2
3.921	-3.841E-2	8.314E-2
3.937	-3.797E-2	8.310E-2
3.954	-3.739E-2	8.312E-2
3.971	-3.736E-2	8.323E-2
3.987	-3.878E-2	8.395E-2
4.004	-4.062E-2	8.500E-2
4.021	-4.292E-2	8.621E-2
4.037	-4.379E-2	8.781E-2
4.054	-4.437E-2	8.766E-2
4.071	-4.509E-2	8.543E-2
4.087	-4.595E-2	8.525E-2
4.104	-4.642E-2	8.522E-2
4.121	-4.638E-2	8.533E-2
4.137	-4.751E-2	8.589E-2
4.154	-5.031E-2	8.629E-2
4.171	-5.379E-2	8.667E-2
4.188	-5.692E-2	8.708E-2
4.204	-5.963E-2	8.835E-2
4.221	-6.050E-2	8.995E-2
4.238	-6.030E-2	9.152E-2
4.254	-5.898E-2	9.336E-2
4.271	-5.666E-2	9.567E-2
4.288	-5.320E-2	9.814E-2
4.304	-4.810E-2	0.100
4.321	-4.222E-2	0.103
4.338	-3.590E-2	0.106
4.354	-2.895E-2	0.110
4.371	-2.215E-2	0.115
4.388	-1.509E-2	0.120
4.404	-7.907E-3	0.124
4.421	-1.374E-4	0.127
4.438	7.204E-3	0.128
4.454	1.515E-2	0.128
4.471	2.295E-2	0.126
4.488	3.085E-2	0.123
4.505	3.840E-2	0.118
4.521	4.497E-2	0.113
4.538	5.044E-2	0.108
4.555	5.412E-2	0.103
4.571	5.626E-2	9.842E-2
4.588	5.683E-2	9.402E-2
4.605	5.612E-2	9.012E-2
4.621	5.428E-2	8.674E-2
4.638	5.264E-2	8.459E-2
4.655	5.211E-2	8.424E-2
4.671	5.143E-2	8.429E-2
4.688	5.143E-2	8.419E-2
4.705	5.154E-2	8.412E-2
4.721	5.153E-2	8.413E-2
4.738	5.156E-2	8.422E-2
4.755	5.164E-2	8.438E-2
4.771	5.158E-2	8.456E-2
4.788	4.974E-2	8.508E-2
4.805	4.609E-2	8.580E-2
4.821	4.286E-2	8.699E-2
4.838	3.962E-2	8.779E-2
4.855	3.771E-2	8.810E-2
4.872	3.662E-2	8.884E-2
4.888	3.629E-2	9.001E-2
4.905	3.659E-2	9.135E-2
4.922	3.750E-2	9.310E-2
4.938	3.967E-2	9.502E-2
4.955	4.266E-2	9.732E-2
4.972	4.659E-2	0.100
4.988	5.112E-2	0.104
5.005	5.638E-2	0.108
5.022	6.302E-2	0.114
5.038	7.002E-2	0.118
5.055	7.802E-2	0.121
5.072	8.628E-2	0.123
5.088	9.507E-2	0.123
5.105	0.103	0.122
5.122	0.112	0.120
5.138	0.121	0.116
5.155	0.129	0.110
5.172	0.137	0.103
5.189	0.144	9.505E-2
5.205	0.149	8.705E-2
5.222	0.152	8.402E-2
5.239	0.151	8.431E-2
5.255	0.153	8.367E-2
5.272	0.154	8.369E-2
5.289	0.153	8.358E-2
5.305	0.153	8.350E-2
5.322	0.153	8.361E-2
5.339	0.155	8.423E-2
5.355	0.156	8.498E-2
5.372	0.157	8.620E-2
5.389	0.157	8.745E-2
5.405	0.157	8.752E-2
5.422	0.156	8.652E-2
5.439	0.156	8.597E-2
5.455	0.155	8.623E-2
5.472	0.153	8.663E-2
5.489	0.152	8.667E-2
5.505	0.149	8.681E-2
5.522	0.147	8.714E-2
5.539	0.144	8.772E-2
5.556	0.142	8.776E-2
5.572	0.141	8.818E-2
5.589	0.141	8.891E-2
5.606	0.143	8.992E-2
5.622	0.146	9.119E-2
5.639	0.150	9.286E-2
5.656	0.155	9.479E-2
5.672	0.160	9.700E-2
5.689	0.167	0.100
5.706	0.174	0.104
5.722	0.181	0.108
5.739	0.188	0.110
5.756	0.196	0.112
5.772	0.203	0.113
5.789	0.211	0.112
5.806	0.219	0.109
5.822	0.226	0.105
5.839	0.233	9.956E-2
5.856	0.240	9.351E-2
5.873	0.244	8.777E-2
5.889	0.247	8.505E-2
5.906	0.248	8.507E-2
5.923	0.251	8.447E-2
5.939	0.251	8.441E-2
5.956	0.251	8.435E-2
5.973	0.250	8.446E-2
5.989	0.250	8.447E-2
6.006	0.250	8.478E-2
6.023	0.250	8.525E-2
6.039	0.248	8.727E-2
6.056	0.249	8.974E-2
6.073	0.247	9.136E-2
6.089	0.246	9.177E-2
6.106	0.244	9.093E-2
6.123	0.241	8.986E-2
6.139	0.237	8.891E-2
6.156	0.234	8.788E-2
6.173	0.231	8.715E-2
6.190	0.229	8.758E-2
6.206	0.225	8.787E-2
6.223	0.224	8.842E-2
6.240	0.222	8.931E-2
6.256	0.222	9.022E-2
6.273	0.223	9.126E-2
6.290	0.226	9.223E-2
6.306	0.230	9.350E-2
6.323	0.235	9.505E-2
6.340	0.240	9.777E-2
6.356	0.247	0.101
6.373	0.254	0.104
6.390	0.262	0.106
6.406	0.270	0.108
6.423	0.278	0.109
6.440	0.285	0.109
6.456	0.293	0.107
6.473	0.301	0.104
6.490	0.308	9.899E-2
6.506	0.315	9.301E-2
6.523	0.322	8.676E-2
6.540	0.324	8.610E-2
6.557	0.326	8.617E-2
6.573	0.326	8.603E-2
6.590	0.327	8.602E-2
6.607	0.326	8.594E-2
6.623	0.326	8.597E-2
6.640	0.327	8.598E-2
6.657	0.327	8.605E-2
6.673	0.327	8.625E-2
6.690	0.327	8.778E-2
6.707	0.330	8.945E-2
6.723	0.332	9.112E-2
6.740	0.332	9.130E-2
6.757	0.330	9.064E-2
6.773	0.328	8.967E-2
6.790	0.326	8.895E-2
6.807	0.324	8.937E-2
6.823	0.320	8.963E-2
6.840	0.318	8.943E-2
6.857	0.315	9.002E-2
6.874	0.312	9.027E-2
6.890	0.308	9.049E-2
6.907	0.306	9.087E-2
6.924	0.306	9.157E-2
6.940	0.307	9.244E-2
6.957	0.310	9.382E-2
6.974	0.314	9.515E-2
6.990	0.319	9.659E-2
7.007	0.324	9.838E-2
7.024	0.330	0.100
7.040	0.337	0.102
7.057	0.345	0.106
7.074	0.353	0.108
7.090	0.362	0.110
7.107	0.370	0.111
7.124	0.378	0.110
7.140	0.386	0.107
7.157	0.394	0.103
7.174	0.402	9.770E-2
7.191	0.409	9.217E-2
7.207	0.414	8.850E-2
7.224	0.414	8.864E-2
7.241	0.418	8.819E-2
7.257	0.421	8.797E-2
7.274	0.422	8.786E-2
7.291	0.422	8.785E-2
7.307	0.422	8.799E-2
7.324	0.423	8.873E-2
7.341	0.424	8.978E-2
7.357	0.425	9.150E-2
7.374	0.425	9.311E-2
7.391	0.425	9.326E-2
7.407	0.423	9.235E-2
7.424	0.421	9.057E-2
7.441	0.418	8.950E-2
7.457	0.416	8.979E-2
7.474	0.414	9.029E-2
7.491	0.411	9.035E-2
7.508	0.408	9.035E-2
7.524	0.404	9.058E-2
7.541	0.400	9.089E-2
7.558	0.397	9.127E-2
7.574	0.395	9.153E-2
7.591	0.395	9.246E-2
7.608	0.396	9.332E-2
7.624	0.398	9.447E-2
7.641	0.402	9.576E-2
7.658	0.407	9.755E-2
7.674	0.412	9.948E-2
7.691	0.419	0.101
7.708	0.426	0.104
7.724	0.434	0.107
7.741	0.443	0.109
7.758	0.452	0.111
7.774	0.460	0.111
7.791	0.469	0.110
7.808	0.477	0.107
7.824	0.485	0.102
7.841	0.493	9.658E-2
7.858	0.500	9.009E-2
7.875	0.505	8.853E-2
7.891	0.505	8.860E-2
7.908	0.509	8.786E-2
7.925	0.509	8.790E-2
7.941	0.509	8.783E-2
7.958	0.508	8.786E-2
7.975	0.508	8.784E-2
7.991	0.509	8.787E-2
8.008	0.508	8.812E-2
8.025	0.509	9.040E-2
8.041	0.513	9.395E-2
8.058	0.515	9.745E-2
8.075	0.515	9.908E-2
8.091	0.514	9.950E-2
8.108	0.512	9.953E-2
8.125	0.508	9.905E-2
8.141	0.504	9.738E-2
8.158	0.498	9.579E-2
8.175	0.494	9.431E-2
8.192	0.490	9.373E-2
8.208	0.486	9.333E-2
8.225	0.482	9.344E-2
8.242	0.480	9.406E-2
8.258	0.480	9.487E-2
8.275	0.481	9.579E-2
8.292	0.484	9.674E-2
8.308	0.488	9.780E-2
8.325	0.493	9.909E-2
8.342	0.499	0.101
8.358	0.506	0.102
8.375	0.513	0.104
8.392	0.521	0.107
8.408	0.530	0.109
8.425	0.540	0.111
8.442	0.549	0.112
8.458	0.559	0.110
8.475	0.568	0.107
8.492	0.577	0.103
8.508	0.585	9.708E-2
8.525	0.592	9.068E-2
8.542	0.596	8.963E-2
8.559	0.598	8.979E-2
8.575	0.599	8.930E-2
8.592	0.599	8.941E-2
8.609	0.599	8.934E-2
8.625	0.599	8.941E-2
8.642	0.599	8.940E-2
8.659	0.600	8.961E-2
8.675	0.599	8.977E-2
8.692	0.602	9.235E-2
8.709	0.607	9.571E-2
8.725	0.612	9.901E-2
8.742	0.611	0.100
8.759	0.611	0.101
8.775	0.609	0.100
8.792	0.605	9.930E-2
8.809	0.600	9.741E-2
8.825	0.595	9.561E-2
8.842	0.589	9.413E-2
8.859	0.585	9.340E-2
8.876	0.581	9.319E-2
8.892	0.577	9.345E-2
8.909	0.575	9.399E-2
8.926	0.574	9.485E-2
8.942	0.576	9.576E-2
8.959	0.578	9.675E-2
8.976	0.582	9.817E-2
8.992	0.587	9.957E-2
9.009	0.593	0.101
9.026	0.600	0.103
9.042	0.607	0.105
9.059	0.616	0.106
9.076	0.625	0.108
9.092	0.634	0.109
9.109	0.644	0.109
9.126	0.655	0.108
9.142	0.664	0.104
9.159	0.674	9.916E-2
9.176	0.683	9.300E-2
9.193	0.688	9.134E-2
9.209	0.690	9.145E-2
9.226	0.692	9.079E-2
9.243	0.692	9.075E-2
9.259	0.692	9.064E-2
9.276	0.692	9.056E-2
9.293	0.692	9.044E-2
9.309	0.693	9.053E-2
9.326	0.695	9.070E-2
9.343	0.701	9.217E-2
9.359	0.706	9.573E-2
9.376	0.713	0.101
9.393	0.716	0.104
9.409	0.716	0.105
9.426	0.715	0.105
9.443	0.714	0.105
9.459	0.708	0.103
9.476	0.703	0.101
9.493	0.698	9.935E-2
9.509	0.693	9.819E-2
9.526	0.688	9.755E-2
9.543	0.683	9.748E-2
9.560	0.678	9.768E-2
9.576	0.675	9.828E-2
9.593	0.674	9.909E-2
9.610	0.675	9.998E-2
9.626	0.678	0.101
9.643	0.682	0.102
9.660	0.687	0.103
9.676	0.695	0.105
9.693	0.704	0.106
9.710	0.712	0.108
9.726	0.721	0.111
9.743	0.732	0.114
9.760	0.743	0.116
9.776	0.755	0.117
9.793	0.767	0.116
9.810	0.778	0.114
9.826	0.789	0.109
9.843	0.800	0.104
9.860	0.810	9.749E-2
9.877	0.817	9.394E-2
9.893	0.819	9.388E-2
9.910	0.826	9.318E-2
9.927	0.826	9.324E-2
9.943	0.826	9.315E-2
9.960	0.826	9.305E-2
9.977	0.826	9.315E-2
9.993	0.826	9.317E-2
10.010	0.826	9.329E-2
10.027	0.827	9.495E-2
10.043	0.834	9.846E-2
