	mass C		
t	x	y	
74.625	-0.258	-0.169
74.641	-0.265	-0.168
74.658	-0.270	-0.167
74.675	-0.275	-0.165
74.691	-0.280	-0.163
74.708	-0.283	-0.160
74.725	-0.285	-0.156
74.741	-0.286	-0.151
74.758	-0.285	-0.145
74.775	-0.283	-0.139
74.791	-0.278	-0.131
74.808	-0.273	-0.124
74.825	-0.265	-0.116
74.841	-0.258	-0.109
74.858	-0.252	-0.101
74.875	-0.243	-9.530E-2
74.891	-0.236	-9.253E-2
74.908	-0.227	-9.270E-2
74.925	-0.217	-9.746E-2
74.942	-0.207	-0.105
74.958	-0.197	-0.116
74.975	-0.192	-0.126
74.992	-0.188	-0.136
75.008	-0.187	-0.145
75.025	-0.190	-0.153
75.042	-0.194	-0.160
75.058	-0.200	-0.167
75.075	-0.201	-0.169
75.092	-0.200	-0.169
75.108	-0.200	-0.169
75.125	-0.201	-0.169
75.142	-0.202	-0.169
75.158	-0.206	-0.169
75.175	-0.210	-0.169
75.192	-0.215	-0.169
75.208	-0.220	-0.169
75.225	-0.224	-0.168
75.242	-0.227	-0.168
75.259	-0.230	-0.168
75.275	-0.234	-0.167
75.292	-0.239	-0.165
75.309	-0.242	-0.163
75.325	-0.244	-0.159
75.342	-0.245	-0.154
75.359	-0.244	-0.149
75.375	-0.241	-0.142
75.392	-0.236	-0.135
75.409	-0.229	-0.128
75.425	-0.222	-0.121
75.442	-0.215	-0.114
75.459	-0.206	-0.108
75.475	-0.198	-0.105
75.492	-0.189	-0.106
75.509	-0.179	-0.109
75.525	-0.170	-0.117
75.542	-0.159	-0.126
75.559	-0.151	-0.138
75.576	-0.146	-0.150
75.592	-0.143	-0.161
75.609	-0.144	-0.170
75.626	-0.143	-0.171
75.642	-0.143	-0.171
75.659	-0.143	-0.171
75.676	-0.145	-0.171
75.692	-0.148	-0.171
75.709	-0.153	-0.172
75.726	-0.154	-0.172
75.742	-0.155	-0.171
75.759	-0.159	-0.172
75.776	-0.162	-0.171
75.792	-0.169	-0.172
75.809	-0.177	-0.171
75.826	-0.183	-0.169
75.842	-0.186	-0.167
75.859	-0.191	-0.164
75.876	-0.194	-0.161
75.892	-0.195	-0.157
75.909	-0.196	-0.151
75.926	-0.194	-0.144
75.943	-0.191	-0.136
75.959	-0.187	-0.128
75.976	-0.180	-0.120
75.993	-0.173	-0.111
76.009	-0.165	-0.103
76.026	-0.157	-9.509E-2
76.043	-0.149	-8.898E-2
76.059	-0.140	-8.628E-2
76.076	-0.131	-8.725E-2
76.093	-0.120	-9.216E-2
76.109	-0.110	-0.101
76.126	-0.101	-0.111
76.143	-9.328E-2	-0.122
76.159	-8.870E-2	-0.133
76.176	-8.755E-2	-0.142
76.193	-8.975E-2	-0.150
76.209	-9.451E-2	-0.159
76.226	-9.974E-2	-0.167
76.243	-0.104	-0.173
76.260	-0.103	-0.174
76.276	-0.103	-0.174
76.293	-0.103	-0.174
76.310	-0.104	-0.174
76.326	-0.107	-0.174
76.343	-0.113	-0.173
76.360	-0.120	-0.173
76.376	-0.126	-0.172
76.393	-0.130	-0.171
76.410	-0.134	-0.170
76.426	-0.139	-0.168
76.443	-0.142	-0.166
76.460	-0.143	-0.163
76.476	-0.144	-0.158
76.493	-0.143	-0.152
76.510	-0.141	-0.146
76.526	-0.137	-0.139
76.543	-0.131	-0.131
76.560	-0.123	-0.124
76.576	-0.115	-0.116
76.593	-0.107	-0.109
76.610	-9.729E-2	-0.105
76.627	-8.767E-2	-0.104
76.643	-7.800E-2	-0.106
76.660	-6.691E-2	-0.111
76.677	-5.653E-2	-0.120
76.693	-4.639E-2	-0.131
76.710	-3.898E-2	-0.144
76.727	-3.399E-2	-0.155
76.743	-3.174E-2	-0.165
76.760	-3.336E-2	-0.175
76.777	-3.296E-2	-0.177
76.793	-3.244E-2	-0.178
76.810	-3.303E-2	-0.177
76.827	-3.403E-2	-0.177
76.843	-3.435E-2	-0.177
76.860	-3.420E-2	-0.177
76.877	-3.417E-2	-0.177
76.893	-3.417E-2	-0.177
76.910	-3.605E-2	-0.177
76.927	-3.936E-2	-0.177
76.944	-4.461E-2	-0.177
76.960	-5.372E-2	-0.177
76.977	-6.395E-2	-0.176
76.994	-6.983E-2	-0.173
77.010	-7.391E-2	-0.170
77.027	-7.735E-2	-0.165
77.044	-7.902E-2	-0.159
77.060	-7.854E-2	-0.152
77.077	-7.634E-2	-0.144
77.094	-7.224E-2	-0.135
77.110	-6.672E-2	-0.126
77.127	-5.983E-2	-0.117
77.144	-5.212E-2	-0.107
77.160	-4.438E-2	-9.783E-2
77.177	-3.599E-2	-8.994E-2
77.194	-2.720E-2	-8.522E-2
77.210	-1.835E-2	-8.406E-2
77.227	-7.139E-3	-8.700E-2
77.244	3.364E-3	-9.391E-2
77.261	1.409E-2	-0.103
77.277	2.312E-2	-0.115
77.294	2.889E-2	-0.126
77.311	3.243E-2	-0.136
77.327	3.230E-2	-0.145
77.344	2.868E-2	-0.155
77.361	2.294E-2	-0.164
77.377	1.799E-2	-0.172
77.394	1.343E-2	-0.179
77.411	1.347E-2	-0.181
77.427	1.413E-2	-0.181
77.444	1.410E-2	-0.181
77.461	1.333E-2	-0.181
77.477	1.206E-2	-0.180
77.494	5.800E-3	-0.180
77.511	-1.442E-3	-0.180
77.527	-7.855E-3	-0.179
77.544	-1.264E-2	-0.177
77.561	-1.701E-2	-0.175
77.578	-2.166E-2	-0.173
77.594	-2.466E-2	-0.170
77.611	-2.648E-2	-0.166
77.628	-2.688E-2	-0.160
77.644	-2.490E-2	-0.154
77.661	-2.145E-2	-0.147
77.678	-1.707E-2	-0.139
77.694	-1.015E-2	-0.131
77.711	-1.921E-3	-0.123
77.728	6.475E-3	-0.115
77.744	1.456E-2	-0.108
77.761	2.397E-2	-0.104
77.778	3.376E-2	-0.103
77.794	4.427E-2	-0.106
77.811	5.541E-2	-0.112
77.828	6.596E-2	-0.122
77.844	7.662E-2	-0.134
77.861	8.324E-2	-0.147
77.878	8.743E-2	-0.159
77.894	8.902E-2	-0.169
77.911	8.630E-2	-0.178
77.928	8.187E-2	-0.185
77.945	8.236E-2	-0.185
77.961	8.262E-2	-0.185
77.978	8.266E-2	-0.185
77.995	8.267E-2	-0.185
78.011	8.257E-2	-0.185
78.028	8.223E-2	-0.185
78.045	8.132E-2	-0.185
78.061	7.646E-2	-0.184
78.078	6.888E-2	-0.184
78.095	6.024E-2	-0.184
78.111	5.161E-2	-0.183
78.128	4.760E-2	-0.181
78.145	4.329E-2	-0.179
78.161	3.965E-2	-0.175
78.178	3.824E-2	-0.171
78.195	3.761E-2	-0.165
78.211	3.921E-2	-0.159
78.228	4.268E-2	-0.151
78.245	4.707E-2	-0.143
78.262	5.394E-2	-0.135
78.278	6.215E-2	-0.126
78.295	7.054E-2	-0.118
78.312	7.961E-2	-0.110
78.328	8.872E-2	-0.104
78.345	9.872E-2	-0.101
78.362	0.109	-0.102
78.378	0.121	-0.107
78.395	0.132	-0.117
78.412	0.140	-0.128
78.428	0.148	-0.141
78.445	0.154	-0.153
78.462	0.156	-0.164
78.478	0.154	-0.173
78.495	0.150	-0.181
78.512	0.146	-0.187
78.528	0.143	-0.192
78.545	0.143	-0.192
78.562	0.143	-0.192
78.579	0.143	-0.192
78.595	0.143	-0.192
78.612	0.142	-0.192
78.629	0.141	-0.192
78.645	0.135	-0.192
78.662	0.129	-0.191
78.679	0.121	-0.190
78.695	0.117	-0.188
78.712	0.112	-0.186
78.729	0.109	-0.183
78.745	0.107	-0.180
78.762	0.107	-0.176
78.779	0.109	-0.171
78.795	0.112	-0.164
78.812	0.118	-0.157
78.829	0.124	-0.149
78.845	0.133	-0.141
78.862	0.143	-0.133
78.879	0.153	-0.125
78.895	0.163	-0.120
78.912	0.175	-0.118
78.929	0.186	-0.119
78.946	0.199	-0.124
78.962	0.211	-0.133
78.979	0.224	-0.145
78.996	0.234	-0.158
79.012	0.242	-0.170
79.029	0.247	-0.181
79.046	0.247	-0.191
79.062	0.244	-0.199
79.079	0.245	-0.199
79.096	0.245	-0.200
79.112	0.246	-0.200
79.129	0.246	-0.200
79.146	0.246	-0.200
79.162	0.246	-0.200
79.179	0.246	-0.199
79.196	0.243	-0.199
79.212	0.238	-0.199
79.229	0.230	-0.198
79.246	0.220	-0.197
79.263	0.213	-0.194
79.279	0.210	-0.191
79.296	0.205	-0.187
79.313	0.203	-0.182
79.329	0.202	-0.178
79.346	0.204	-0.171
79.363	0.208	-0.164
79.379	0.213	-0.156
79.396	0.221	-0.147
79.413	0.229	-0.138
79.429	0.240	-0.129
79.446	0.250	-0.120
79.463	0.261	-0.112
79.479	0.273	-0.107
79.496	0.285	-0.105
79.513	0.297	-0.107
79.529	0.310	-0.113
79.546	0.324	-0.123
79.563	0.337	-0.136
79.579	0.347	-0.149
79.596	0.352	-0.162
79.613	0.355	-0.173
79.630	0.353	-0.182
79.646	0.348	-0.189
79.663	0.342	-0.198
79.680	0.339	-0.204
79.696	0.341	-0.204
79.713	0.341	-0.205
79.730	0.341	-0.204
79.746	0.339	-0.204
79.763	0.337	-0.204
79.780	0.330	-0.204
79.796	0.323	-0.203
79.813	0.318	-0.201
79.830	0.314	-0.200
79.846	0.310	-0.199
79.863	0.306	-0.197
79.880	0.303	-0.194
79.896	0.302	-0.191
79.913	0.302	-0.186
79.930	0.304	-0.180
79.947	0.309	-0.174
79.963	0.315	-0.166
79.980	0.322	-0.159
79.997	0.333	-0.151
80.013	0.345	-0.143
80.030	0.357	-0.137
80.047	0.369	-0.133
80.063	0.382	-0.133
80.080	0.395	-0.137
80.097	0.407	-0.143
80.113	0.423	-0.155
80.130	0.437	-0.170
80.147	0.447	-0.185
80.163	0.455	-0.200
80.180	0.458	-0.212
80.197	0.460	-0.214
80.213	0.463	-0.214
80.230	0.463	-0.214
80.247	0.462	-0.214
80.264	0.461	-0.214
80.280	0.456	-0.214
80.297	0.455	-0.214
80.314	0.453	-0.214
80.330	0.452	-0.214
80.347	0.451	-0.214
80.364	0.444	-0.213
80.380	0.436	-0.213
80.397	0.427	-0.211
80.414	0.422	-0.208
80.430	0.416	-0.205
80.447	0.412	-0.200
80.464	0.410	-0.196
80.480	0.410	-0.189
80.497	0.412	-0.182
80.514	0.417	-0.175
80.530	0.423	-0.166
80.547	0.432	-0.156
80.564	0.442	-0.147
80.581	0.454	-0.137
80.597	0.466	-0.128
80.614	0.478	-0.120
80.631	0.492	-0.115
80.647	0.505	-0.114
80.664	0.521	-0.118
80.681	0.537	-0.128
80.697	0.552	-0.140
80.714	0.565	-0.155
80.731	0.574	-0.169
80.747	0.580	-0.182
80.764	0.580	-0.194
80.781	0.575	-0.203
80.797	0.569	-0.210
80.814	0.562	-0.218
80.831	0.556	-0.225
80.847	0.557	-0.225
80.864	0.558	-0.225
80.881	0.558	-0.225
80.897	0.557	-0.225
80.914	0.554	-0.224
80.931	0.544	-0.223
80.948	0.538	-0.222
80.964	0.533	-0.220
80.981	0.528	-0.219
80.998	0.522	-0.217
81.014	0.518	-0.215
81.031	0.515	-0.212
81.048	0.514	-0.208
81.064	0.516	-0.203
81.081	0.520	-0.197
81.098	0.527	-0.190
81.114	0.537	-0.182
81.131	0.548	-0.174
81.148	0.562	-0.167
81.164	0.576	-0.159
81.181	0.591	-0.153
81.198	0.607	-0.151
81.214	0.623	-0.153
81.231	0.640	-0.158
81.248	0.660	-0.170
81.265	0.676	-0.184
81.281	0.694	-0.200
81.298	0.705	-0.216
81.315	0.714	-0.231
81.331	0.718	-0.242
81.348	0.721	-0.243
81.365	0.721	-0.243
81.381	0.721	-0.243
81.398	0.719	-0.243
81.415	0.718	-0.243
81.431	0.718	-0.243
81.448	0.719	-0.243
81.465	0.719	-0.243
81.481	0.718	-0.243
81.498	0.716	-0.242
81.515	0.706	-0.241
81.531	0.690	-0.239
81.548	0.676	-0.236
81.565	0.669	-0.232
81.582	0.663	-0.227
81.598	0.657	-0.221
81.615	0.657	-0.216
81.632	0.660	-0.209
81.648	0.665	-0.201
81.665	0.673	-0.192
81.682	0.685	-0.182
81.698	0.698	-0.172
81.715	0.714	-0.161
81.732	0.729	-0.151
81.748	0.747	-0.142
81.765	0.765	-0.134
81.782	0.785	-0.134
81.798	0.805	-0.136
81.815	0.829	-0.144
81.832	0.850	-0.157
81.848	0.873	-0.173
81.865	0.890	-0.190
81.882	0.900	-0.206
81.898	0.907	-0.220
81.915	0.905	-0.232
81.932	0.899	-0.242
81.949	0.888	-0.253
81.965	0.880	-0.261
81.982	0.884	-0.262
81.999	0.884	-0.262
82.015	0.882	-0.261
82.032	0.882	-0.261
82.049	0.878	-0.260
82.065	0.867	-0.259
82.082	0.850	-0.256
82.099	0.845	-0.254
82.115	0.834	-0.251
82.132	0.829	-0.249
82.149	0.821	-0.245
82.165	0.815	-0.241
82.182	0.812	-0.237
82.199	0.810	-0.230
82.215	0.815	-0.223
82.232	0.824	-0.216
82.249	0.835	-0.207
82.266	0.849	-0.197
82.282	0.866	-0.188
82.299	0.887	-0.179
82.316	0.906	-0.171
82.332	0.927	-0.165
82.349	0.948	-0.164
82.366	0.972	-0.168
82.382	0.999	-0.177
