	mass A		
t	x	y	
0.000	-0.407	-0.106
0.017	-0.407	-0.106
0.033	-0.407	-0.106
0.050	-0.407	-0.106
0.067	-0.407	-0.106
0.083	-0.407	-0.106
0.100	-0.416	-0.105
0.117	-0.427	-0.102
0.133	-0.437	-0.104
0.150	-0.447	-0.102
0.167	-0.452	-9.851E-2
0.184	-0.457	-9.537E-2
0.200	-0.459	-9.160E-2
0.217	-0.457	-8.722E-2
0.234	-0.453	-8.274E-2
0.250	-0.446	-7.768E-2
0.267	-0.438	-7.175E-2
0.284	-0.430	-6.610E-2
0.300	-0.422	-6.142E-2
0.317	-0.413	-5.769E-2
0.334	-0.404	-5.617E-2
0.350	-0.394	-5.741E-2
0.367	-0.383	-6.132E-2
0.384	-0.373	-6.957E-2
0.400	-0.362	-7.911E-2
0.417	-0.356	-8.752E-2
0.434	-0.353	-9.437E-2
0.450	-0.354	-0.101
0.467	-0.355	-0.106
0.484	-0.354	-0.106
0.501	-0.354	-0.106
0.517	-0.354	-0.106
0.534	-0.355	-0.106
0.551	-0.356	-0.106
0.567	-0.360	-0.106
0.584	-0.367	-0.106
0.601	-0.377	-0.106
0.617	-0.388	-0.106
0.634	-0.393	-0.104
0.651	-0.398	-0.101
0.667	-0.403	-9.883E-2
0.684	-0.407	-9.587E-2
0.701	-0.408	-9.214E-2
0.717	-0.408	-8.819E-2
0.734	-0.405	-8.272E-2
0.751	-0.402	-7.702E-2
0.767	-0.397	-7.105E-2
0.784	-0.389	-6.445E-2
0.801	-0.381	-5.748E-2
0.817	-0.373	-5.123E-2
0.834	-0.363	-4.605E-2
0.851	-0.354	-4.399E-2
0.868	-0.344	-4.576E-2
0.884	-0.335	-5.070E-2
0.901	-0.325	-5.868E-2
0.918	-0.317	-6.825E-2
0.934	-0.312	-7.841E-2
0.951	-0.309	-8.688E-2
0.968	-0.310	-9.476E-2
0.984	-0.314	-0.102
1.001	-0.315	-0.104
1.018	-0.316	-0.104
1.034	-0.316	-0.104
1.051	-0.317	-0.104
1.068	-0.317	-0.104
1.084	-0.318	-0.103
1.101	-0.321	-0.104
1.118	-0.325	-0.104
1.134	-0.330	-0.104
1.151	-0.338	-0.104
1.168	-0.346	-0.102
1.185	-0.350	-9.981E-2
1.201	-0.353	-9.638E-2
1.218	-0.355	-9.257E-2
1.235	-0.353	-8.816E-2
1.251	-0.349	-8.225E-2
1.268	-0.343	-7.559E-2
1.285	-0.337	-6.820E-2
1.301	-0.328	-6.079E-2
1.318	-0.320	-5.368E-2
1.335	-0.311	-4.809E-2
1.351	-0.300	-4.491E-2
1.368	-0.290	-4.464E-2
1.385	-0.278	-4.786E-2
1.401	-0.268	-5.385E-2
1.418	-0.257	-6.233E-2
1.435	-0.248	-7.118E-2
1.451	-0.244	-8.117E-2
1.468	-0.242	-8.820E-2
1.485	-0.245	-9.438E-2
1.502	-0.248	-9.978E-2
1.518	-0.249	-0.102
1.535	-0.249	-0.102
1.552	-0.249	-0.102
1.568	-0.249	-0.102
1.585	-0.250	-0.101
1.602	-0.256	-0.101
1.618	-0.262	-0.101
1.635	-0.265	-0.100
1.652	-0.268	-9.891E-2
1.668	-0.273	-9.740E-2
1.685	-0.277	-9.514E-2
1.702	-0.279	-9.178E-2
1.718	-0.280	-8.813E-2
1.735	-0.278	-8.312E-2
1.752	-0.275	-7.826E-2
1.768	-0.270	-7.166E-2
1.785	-0.264	-6.484E-2
1.802	-0.255	-5.746E-2
1.818	-0.247	-5.087E-2
1.835	-0.239	-4.532E-2
1.852	-0.229	-4.223E-2
1.869	-0.219	-4.299E-2
1.885	-0.208	-4.747E-2
1.902	-0.198	-5.563E-2
1.919	-0.189	-6.543E-2
1.935	-0.182	-7.616E-2
1.952	-0.177	-8.576E-2
1.969	-0.176	-9.402E-2
1.985	-0.179	-0.101
2.002	-0.179	-0.102
2.019	-0.179	-0.102
2.035	-0.179	-0.102
2.052	-0.179	-0.102
2.069	-0.179	-0.102
2.085	-0.179	-0.102
2.102	-0.180	-0.102
2.119	-0.183	-0.102
2.135	-0.187	-0.102
2.152	-0.196	-0.103
2.169	-0.204	-0.101
2.186	-0.207	-9.797E-2
2.202	-0.211	-9.441E-2
2.219	-0.212	-9.016E-2
2.236	-0.211	-8.378E-2
2.252	-0.208	-7.742E-2
2.269	-0.204	-7.016E-2
2.286	-0.197	-6.221E-2
2.302	-0.190	-5.423E-2
2.319	-0.182	-4.583E-2
2.336	-0.173	-3.872E-2
2.352	-0.164	-3.387E-2
2.369	-0.154	-3.263E-2
2.386	-0.144	-3.574E-2
2.402	-0.133	-4.219E-2
2.419	-0.123	-5.127E-2
2.436	-0.115	-6.144E-2
2.452	-0.110	-7.101E-2
2.469	-0.108	-7.932E-2
2.486	-0.111	-8.673E-2
2.503	-0.115	-9.407E-2
2.519	-0.119	-0.100
2.536	-0.119	-0.102
2.553	-0.119	-0.102
2.569	-0.119	-0.102
2.586	-0.120	-0.101
2.603	-0.123	-0.101
2.619	-0.129	-0.101
2.636	-0.134	-0.100
2.653	-0.138	-9.897E-2
2.669	-0.142	-9.710E-2
2.686	-0.145	-9.503E-2
2.703	-0.147	-9.229E-2
2.719	-0.148	-8.871E-2
2.736	-0.147	-8.377E-2
2.753	-0.145	-7.778E-2
2.769	-0.140	-7.036E-2
2.786	-0.133	-6.300E-2
2.803	-0.125	-5.543E-2
2.819	-0.117	-4.891E-2
2.836	-0.109	-4.310E-2
2.853	-9.925E-2	-3.969E-2
2.870	-9.040E-2	-3.951E-2
2.886	-7.985E-2	-4.346E-2
2.903	-6.933E-2	-5.132E-2
2.920	-5.858E-2	-6.149E-2
2.936	-5.184E-2	-7.304E-2
2.953	-4.749E-2	-8.374E-2
2.970	-4.657E-2	-9.188E-2
2.986	-4.892E-2	-9.924E-2
3.003	-4.923E-2	-0.101
3.020	-4.899E-2	-0.101
3.036	-4.895E-2	-0.101
3.053	-4.914E-2	-0.101
3.070	-4.915E-2	-0.101
3.086	-4.946E-2	-0.102
3.103	-5.062E-2	-0.101
3.120	-5.520E-2	-0.102
3.136	-6.123E-2	-0.102
3.153	-6.926E-2	-0.101
3.170	-7.514E-2	-9.856E-2
3.187	-7.832E-2	-9.591E-2
3.203	-8.148E-2	-9.217E-2
3.220	-8.182E-2	-8.831E-2
3.237	-8.077E-2	-8.252E-2
3.253	-7.785E-2	-7.598E-2
3.270	-7.366E-2	-6.891E-2
3.287	-6.763E-2	-6.132E-2
3.303	-5.961E-2	-5.316E-2
3.320	-5.150E-2	-4.503E-2
3.337	-4.267E-2	-3.802E-2
3.353	-3.350E-2	-3.355E-2
3.370	-2.381E-2	-3.258E-2
3.387	-1.324E-2	-3.535E-2
3.403	-2.911E-3	-4.223E-2
3.420	7.215E-3	-5.153E-2
3.437	1.423E-2	-6.281E-2
3.453	1.935E-2	-7.262E-2
3.470	2.021E-2	-8.141E-2
3.487	1.798E-2	-8.852E-2
3.504	1.419E-2	-9.505E-2
3.520	9.732E-3	-0.101
3.537	1.015E-2	-0.103
3.554	1.040E-2	-0.103
3.570	1.000E-2	-0.102
3.587	9.013E-3	-0.102
3.604	5.790E-3	-0.102
3.620	-5.151E-4	-0.102
3.637	-5.178E-3	-0.101
3.654	-9.049E-3	-9.961E-2
3.670	-1.283E-2	-9.818E-2
3.687	-1.653E-2	-9.624E-2
3.704	-1.937E-2	-9.367E-2
3.720	-2.016E-2	-9.062E-2
3.737	-1.908E-2	-8.538E-2
3.754	-1.626E-2	-8.013E-2
3.770	-1.125E-2	-7.338E-2
3.787	-3.920E-3	-6.569E-2
3.804	3.835E-3	-5.897E-2
3.820	1.163E-2	-5.220E-2
3.837	2.076E-2	-4.673E-2
3.854	3.005E-2	-4.418E-2
3.871	3.991E-2	-4.555E-2
3.887	5.090E-2	-5.059E-2
3.904	6.056E-2	-5.873E-2
3.921	7.073E-2	-6.947E-2
3.937	7.726E-2	-8.008E-2
3.954	8.121E-2	-9.016E-2
3.971	8.213E-2	-9.925E-2
3.987	8.138E-2	-0.104
4.004	8.171E-2	-0.104
4.021	8.155E-2	-0.104
4.037	8.086E-2	-0.104
4.054	8.058E-2	-0.104
4.071	8.038E-2	-0.104
4.087	7.974E-2	-0.103
4.104	7.816E-2	-0.103
4.121	7.375E-2	-0.103
4.137	6.834E-2	-0.103
4.154	6.014E-2	-0.103
4.171	5.097E-2	-0.100
4.188	4.690E-2	-9.727E-2
4.204	4.367E-2	-9.326E-2
4.221	4.232E-2	-8.790E-2
4.238	4.354E-2	-8.148E-2
4.254	4.665E-2	-7.435E-2
4.271	5.164E-2	-6.647E-2
4.288	5.801E-2	-5.839E-2
4.304	6.564E-2	-4.998E-2
4.321	7.369E-2	-4.170E-2
4.338	8.243E-2	-3.378E-2
4.354	9.197E-2	-2.857E-2
4.371	0.101	-2.660E-2
4.388	0.112	-2.920E-2
4.404	0.122	-3.545E-2
4.421	0.133	-4.459E-2
4.438	0.140	-5.485E-2
4.454	0.145	-6.444E-2
4.471	0.146	-7.321E-2
4.488	0.143	-8.046E-2
4.505	0.138	-8.744E-2
4.521	0.134	-9.390E-2
4.538	0.130	-9.917E-2
4.555	0.126	-0.104
4.571	0.126	-0.105
4.588	0.126	-0.105
4.605	0.126	-0.105
4.621	0.125	-0.104
4.638	0.117	-0.104
4.655	0.111	-0.103
4.671	0.108	-0.100
4.688	0.104	-9.777E-2
4.705	0.100	-9.430E-2
4.721	9.952E-2	-9.007E-2
4.738	0.101	-8.499E-2
4.755	0.104	-7.802E-2
4.771	0.109	-7.114E-2
4.788	0.116	-6.380E-2
4.805	0.125	-5.536E-2
4.821	0.134	-4.801E-2
4.838	0.143	-4.225E-2
4.855	0.154	-3.831E-2
4.872	0.164	-3.794E-2
4.888	0.176	-4.111E-2
4.905	0.188	-4.771E-2
4.922	0.199	-5.643E-2
4.938	0.207	-6.600E-2
4.955	0.213	-7.480E-2
4.972	0.215	-8.269E-2
4.988	0.213	-9.144E-2
5.005	0.208	-9.918E-2
5.022	0.203	-0.106
5.038	0.204	-0.106
5.055	0.205	-0.106
5.072	0.205	-0.106
5.088	0.204	-0.106
5.105	0.200	-0.105
5.122	0.192	-0.104
5.138	0.188	-0.102
5.155	0.184	-0.101
5.172	0.180	-9.853E-2
5.189	0.177	-9.535E-2
5.205	0.174	-9.173E-2
5.222	0.173	-8.784E-2
5.239	0.175	-8.339E-2
5.255	0.179	-7.736E-2
5.272	0.185	-7.106E-2
5.289	0.193	-6.409E-2
5.305	0.203	-5.693E-2
5.322	0.212	-4.974E-2
5.339	0.221	-4.396E-2
5.355	0.232	-4.049E-2
5.372	0.243	-4.040E-2
5.389	0.255	-4.407E-2
5.405	0.266	-5.192E-2
5.422	0.277	-6.212E-2
5.439	0.285	-7.416E-2
5.455	0.290	-8.438E-2
5.472	0.291	-9.365E-2
5.489	0.288	-0.101
5.506	0.284	-0.106
5.522	0.284	-0.106
5.539	0.285	-0.106
5.556	0.285	-0.106
5.572	0.285	-0.106
5.589	0.285	-0.106
5.606	0.283	-0.106
5.622	0.278	-0.106
5.639	0.271	-0.106
5.656	0.264	-0.106
5.672	0.258	-0.104
5.689	0.254	-0.101
5.706	0.250	-9.670E-2
5.722	0.249	-9.288E-2
5.739	0.252	-8.834E-2
5.756	0.256	-8.307E-2
5.772	0.262	-7.681E-2
5.789	0.270	-7.008E-2
5.806	0.281	-6.233E-2
5.822	0.291	-5.527E-2
5.839	0.301	-4.929E-2
5.856	0.313	-4.582E-2
5.873	0.323	-4.571E-2
5.889	0.336	-4.977E-2
5.906	0.348	-5.736E-2
5.923	0.360	-6.809E-2
5.939	0.369	-7.889E-2
5.956	0.374	-8.997E-2
5.973	0.376	-9.903E-2
5.989	0.373	-0.106
6.006	0.374	-0.107
6.023	0.374	-0.107
6.039	0.374	-0.107
6.056	0.374	-0.107
6.073	0.374	-0.107
6.089	0.374	-0.106
6.106	0.373	-0.106
6.123	0.367	-0.106
6.139	0.357	-0.106
6.156	0.349	-0.106
6.173	0.341	-0.104
6.190	0.337	-0.100
6.206	0.333	-9.678E-2
6.223	0.330	-9.208E-2
6.240	0.332	-8.528E-2
6.256	0.335	-7.818E-2
6.273	0.341	-7.060E-2
6.290	0.349	-6.259E-2
6.306	0.359	-5.402E-2
6.323	0.368	-4.559E-2
6.340	0.378	-3.850E-2
6.356	0.389	-3.325E-2
6.373	0.400	-3.138E-2
6.390	0.412	-3.414E-2
6.406	0.424	-4.071E-2
6.423	0.436	-5.089E-2
6.440	0.444	-6.296E-2
6.456	0.448	-7.357E-2
6.473	0.449	-8.241E-2
6.490	0.446	-9.003E-2
6.507	0.441	-9.503E-2
6.523	0.436	-9.996E-2
6.540	0.431	-0.104
6.557	0.426	-0.108
6.573	0.425	-0.109
6.590	0.424	-0.109
6.607	0.424	-0.109
6.623	0.424	-0.109
6.640	0.417	-0.109
6.657	0.409	-0.107
6.673	0.403	-0.106
6.690	0.398	-0.104
6.707	0.395	-9.975E-2
6.723	0.395	-9.621E-2
6.740	0.397	-9.276E-2
6.757	0.402	-8.781E-2
6.773	0.410	-8.202E-2
6.790	0.418	-7.660E-2
6.807	0.429	-7.047E-2
6.823	0.438	-6.470E-2
6.840	0.448	-6.097E-2
6.857	0.461	-5.844E-2
6.874	0.473	-5.834E-2
6.890	0.487	-6.160E-2
6.907	0.500	-6.825E-2
6.924	0.512	-7.673E-2
6.940	0.523	-8.800E-2
6.957	0.528	-9.638E-2
6.974	0.530	-0.104
6.990	0.527	-0.110
7.007	0.527	-0.110
7.024	0.528	-0.111
7.040	0.528	-0.110
7.057	0.528	-0.111
7.074	0.528	-0.111
7.090	0.527	-0.111
7.107	0.521	-0.110
7.124	0.513	-0.109
7.140	0.504	-0.109
7.157	0.497	-0.106
7.174	0.492	-0.104
7.191	0.488	-0.101
7.207	0.485	-9.720E-2
7.224	0.485	-9.285E-2
7.241	0.488	-8.734E-2
7.257	0.493	-8.120E-2
7.274	0.501	-7.595E-2
7.291	0.511	-6.923E-2
7.307	0.521	-6.178E-2
7.324	0.533	-5.484E-2
7.341	0.545	-4.808E-2
7.357	0.560	-4.457E-2
7.374	0.573	-4.456E-2
7.391	0.588	-4.879E-2
7.407	0.602	-5.613E-2
7.424	0.616	-6.699E-2
7.441	0.627	-7.973E-2
7.457	0.634	-9.113E-2
7.474	0.635	-0.101
7.491	0.631	-0.110
7.508	0.631	-0.113
7.524	0.631	-0.112
7.541	0.631	-0.112
7.558	0.631	-0.112
7.574	0.632	-0.112
7.591	0.631	-0.112
7.608	0.631	-0.112
7.624	0.625	-0.111
7.641	0.621	-0.112
7.658	0.621	-0.112
7.674	0.621	-0.112
7.691	0.621	-0.112
7.708	0.621	-0.111
7.724	0.623	-0.110
7.741	0.625	-0.110
7.758	0.628	-0.110
7.774	0.631	-0.110
7.791	0.632	-0.110
7.808	0.634	-0.110
7.824	0.639	-0.110
7.841	0.640	-0.110
7.858	0.644	-0.110
7.875	0.645	-0.110
7.891	0.646	-0.110
7.908	0.646	-0.110
7.925	0.646	-0.110
7.941	0.647	-0.111
7.958	0.647	-0.111
7.975	0.647	-0.110
7.991	0.647	-0.109
8.008	0.647	-0.109
8.025	0.648	-0.111
8.041	0.648	-0.110
8.058	0.648	-0.110
8.075	0.648	-0.110
8.091	0.648	-0.110
8.108	0.647	-0.110
8.125	0.647	-0.110
8.141	0.647	-0.110
8.158	0.647	-0.110
8.175	0.647	-0.110
8.192	0.647	-0.110
8.208	0.647	-0.110
8.225	0.647	-0.110
8.242	0.647	-0.110
8.258	0.647	-0.110
8.275	0.646	-0.110
8.292	0.646	-0.110
8.308	0.646	-0.110
8.325	0.646	-0.110
8.342	0.646	-0.110
8.358	0.646	-0.110
8.375	0.646	-0.110
