	mass C		
t	x	y	
31.999	-0.609	-0.144
32.015	-0.609	-0.144
32.032	-0.609	-0.144
32.049	-0.609	-0.144
32.065	-0.617	-0.144
32.082	-0.632	-0.144
32.099	-0.636	-0.144
32.115	-0.645	-0.144
32.132	-0.652	-0.143
32.149	-0.661	-0.141
32.165	-0.666	-0.138
32.182	-0.670	-0.135
32.199	-0.670	-0.132
32.216	-0.664	-0.126
32.232	-0.660	-0.120
32.249	-0.650	-0.114
32.266	-0.638	-0.107
32.282	-0.625	-0.100
32.299	-0.604	-9.569E-2
32.316	-0.591	-9.949E-2
32.332	-0.577	-0.111
32.349	-0.560	-0.126
32.366	-0.555	-0.137
32.382	-0.553	-0.142
32.399	-0.553	-0.142
32.416	-0.553	-0.142
32.432	-0.553	-0.142
32.449	-0.554	-0.141
32.466	-0.556	-0.141
32.482	-0.563	-0.141
32.499	-0.573	-0.142
32.516	-0.587	-0.143
32.532	-0.606	-0.144
32.549	-0.622	-0.142
32.566	-0.630	-0.137
32.583	-0.633	-0.131
32.599	-0.633	-0.123
32.616	-0.629	-0.115
32.633	-0.623	-0.104
32.649	-0.607	-9.239E-2
32.666	-0.593	-8.183E-2
32.683	-0.578	-7.601E-2
32.699	-0.566	-7.602E-2
32.716	-0.551	-8.181E-2
32.733	-0.537	-9.280E-2
32.749	-0.529	-0.104
32.766	-0.526	-0.115
32.783	-0.530	-0.124
32.799	-0.538	-0.130
32.816	-0.546	-0.136
32.833	-0.552	-0.140
32.849	-0.555	-0.142
32.866	-0.555	-0.142
32.883	-0.556	-0.142
32.900	-0.559	-0.142
32.916	-0.568	-0.142
32.933	-0.579	-0.142
32.950	-0.586	-0.140
32.966	-0.595	-0.136
32.983	-0.600	-0.129
33.000	-0.599	-0.123
33.016	-0.593	-0.115
33.033	-0.584	-0.106
33.050	-0.572	-9.544E-2
33.066	-0.559	-8.641E-2
33.083	-0.545	-7.911E-2
33.100	-0.531	-7.724E-2
33.116	-0.516	-8.101E-2
33.133	-0.501	-8.998E-2
33.150	-0.489	-0.102
33.166	-0.483	-0.114
33.183	-0.482	-0.124
33.200	-0.486	-0.133
33.217	-0.489	-0.137
33.233	-0.488	-0.137
33.250	-0.488	-0.137
33.267	-0.489	-0.137
33.283	-0.492	-0.137
33.300	-0.500	-0.137
33.317	-0.511	-0.138
33.333	-0.525	-0.138
33.350	-0.533	-0.135
33.367	-0.539	-0.131
33.383	-0.543	-0.125
33.400	-0.542	-0.117
33.417	-0.538	-0.108
33.433	-0.529	-9.833E-2
33.450	-0.519	-8.783E-2
33.467	-0.508	-7.774E-2
33.483	-0.494	-7.012E-2
33.500	-0.482	-6.786E-2
33.517	-0.468	-7.136E-2
33.533	-0.454	-7.999E-2
33.550	-0.443	-9.111E-2
33.567	-0.437	-0.103
33.584	-0.436	-0.113
33.600	-0.441	-0.121
33.617	-0.448	-0.128
33.634	-0.454	-0.134
33.650	-0.455	-0.136
33.667	-0.455	-0.136
33.684	-0.455	-0.136
33.700	-0.459	-0.136
33.717	-0.467	-0.136
33.734	-0.479	-0.136
33.750	-0.483	-0.134
33.767	-0.490	-0.130
33.784	-0.494	-0.125
33.800	-0.493	-0.119
33.817	-0.487	-0.111
33.834	-0.478	-0.101
33.850	-0.467	-9.273E-2
33.867	-0.455	-8.321E-2
33.884	-0.443	-7.671E-2
33.901	-0.430	-7.426E-2
33.917	-0.417	-7.767E-2
33.934	-0.403	-8.795E-2
33.951	-0.389	-9.934E-2
33.967	-0.382	-0.110
33.984	-0.380	-0.120
34.001	-0.385	-0.129
34.017	-0.387	-0.132
34.034	-0.387	-0.133
34.051	-0.387	-0.133
34.067	-0.388	-0.132
34.084	-0.390	-0.132
34.101	-0.397	-0.132
34.117	-0.405	-0.133
34.134	-0.417	-0.132
34.151	-0.423	-0.130
34.167	-0.428	-0.127
34.184	-0.431	-0.121
34.201	-0.432	-0.114
34.218	-0.428	-0.106
34.234	-0.421	-9.681E-2
34.251	-0.413	-8.758E-2
34.268	-0.402	-7.748E-2
34.284	-0.392	-7.055E-2
34.301	-0.379	-6.616E-2
34.318	-0.368	-6.870E-2
34.334	-0.356	-7.895E-2
34.351	-0.341	-9.169E-2
34.368	-0.334	-0.102
34.384	-0.331	-0.110
34.401	-0.334	-0.117
34.418	-0.340	-0.124
34.434	-0.346	-0.129
34.451	-0.347	-0.131
34.468	-0.347	-0.131
34.484	-0.347	-0.131
34.501	-0.349	-0.131
34.518	-0.358	-0.131
34.535	-0.368	-0.130
34.551	-0.374	-0.128
34.568	-0.378	-0.125
34.585	-0.382	-0.121
34.601	-0.381	-0.115
34.618	-0.377	-0.109
34.635	-0.370	-0.101
34.651	-0.360	-9.299E-2
34.668	-0.349	-8.432E-2
34.685	-0.338	-7.673E-2
34.701	-0.324	-7.307E-2
34.718	-0.311	-7.511E-2
34.735	-0.297	-8.350E-2
34.751	-0.283	-9.492E-2
34.768	-0.275	-0.106
34.785	-0.272	-0.117
34.801	-0.275	-0.125
34.818	-0.276	-0.128
34.835	-0.276	-0.128
34.851	-0.276	-0.128
34.868	-0.276	-0.128
34.885	-0.277	-0.128
34.902	-0.282	-0.127
34.918	-0.289	-0.127
34.935	-0.300	-0.127
34.952	-0.308	-0.125
34.968	-0.313	-0.121
34.985	-0.316	-0.117
35.002	-0.316	-0.109
35.018	-0.312	-0.101
35.035	-0.306	-9.209E-2
35.052	-0.297	-8.213E-2
35.068	-0.286	-7.210E-2
35.085	-0.276	-6.451E-2
35.102	-0.264	-6.065E-2
35.118	-0.252	-6.206E-2
35.135	-0.239	-6.922E-2
35.152	-0.227	-7.951E-2
35.168	-0.221	-9.100E-2
35.185	-0.219	-0.100
35.202	-0.222	-0.108
35.219	-0.228	-0.115
35.235	-0.233	-0.121
35.252	-0.237	-0.125
35.269	-0.238	-0.126
35.285	-0.238	-0.126
35.302	-0.238	-0.126
35.319	-0.243	-0.126
35.335	-0.252	-0.126
35.352	-0.259	-0.124
35.369	-0.263	-0.121
35.385	-0.268	-0.116
35.402	-0.269	-0.111
35.419	-0.264	-0.105
35.435	-0.258	-9.811E-2
35.452	-0.247	-8.840E-2
35.469	-0.235	-8.082E-2
35.485	-0.225	-7.435E-2
35.502	-0.213	-7.154E-2
35.519	-0.201	-7.304E-2
35.535	-0.189	-7.979E-2
35.552	-0.175	-8.925E-2
35.569	-0.168	-0.101
35.586	-0.165	-0.111
35.602	-0.166	-0.119
35.619	-0.168	-0.122
35.636	-0.167	-0.123
35.652	-0.167	-0.123
35.669	-0.168	-0.123
35.686	-0.168	-0.123
35.702	-0.173	-0.122
35.719	-0.180	-0.123
35.736	-0.190	-0.122
35.752	-0.198	-0.121
35.769	-0.203	-0.117
35.786	-0.207	-0.113
35.802	-0.207	-0.107
35.819	-0.204	-9.986E-2
35.836	-0.198	-9.138E-2
35.852	-0.190	-8.260E-2
35.869	-0.180	-7.358E-2
35.886	-0.170	-6.555E-2
35.903	-0.158	-6.133E-2
35.919	-0.146	-6.209E-2
35.936	-0.135	-6.733E-2
35.953	-0.124	-7.707E-2
35.969	-0.116	-8.822E-2
35.986	-0.113	-9.798E-2
36.003	-0.115	-0.106
36.019	-0.120	-0.112
36.036	-0.125	-0.118
36.053	-0.129	-0.120
36.069	-0.129	-0.121
36.086	-0.129	-0.121
36.103	-0.131	-0.121
36.119	-0.137	-0.121
36.136	-0.145	-0.120
36.153	-0.152	-0.118
36.169	-0.157	-0.116
36.186	-0.161	-0.111
36.203	-0.160	-0.105
36.220	-0.156	-9.968E-2
36.236	-0.150	-9.457E-2
36.253	-0.142	-8.784E-2
36.270	-0.130	-8.092E-2
36.286	-0.119	-7.432E-2
36.303	-0.107	-7.128E-2
36.320	-9.577E-2	-7.246E-2
36.336	-8.376E-2	-7.807E-2
36.353	-7.166E-2	-8.764E-2
36.370	-6.342E-2	-9.862E-2
36.386	-5.948E-2	-0.108
36.403	-5.959E-2	-0.116
36.420	-6.078E-2	-0.118
36.436	-6.042E-2	-0.118
36.453	-6.060E-2	-0.118
36.470	-6.083E-2	-0.118
36.486	-6.131E-2	-0.118
36.503	-6.502E-2	-0.118
36.520	-6.905E-2	-0.118
36.536	-7.566E-2	-0.117
36.553	-8.583E-2	-0.116
36.570	-9.341E-2	-0.113
36.587	-9.748E-2	-0.110
36.603	-9.885E-2	-0.105
36.620	-9.600E-2	-9.813E-2
36.637	-9.050E-2	-8.993E-2
36.653	-8.201E-2	-8.192E-2
36.670	-7.222E-2	-7.275E-2
36.687	-6.160E-2	-6.529E-2
36.703	-5.113E-2	-5.999E-2
36.720	-4.024E-2	-5.935E-2
36.737	-2.800E-2	-6.401E-2
36.753	-1.610E-2	-7.283E-2
36.770	-5.437E-3	-8.305E-2
36.787	-1.723E-3	-9.378E-2
36.803	-1.468E-3	-0.102
36.820	-5.952E-3	-0.109
36.837	-1.080E-2	-0.114
36.853	-1.255E-2	-0.117
36.870	-1.257E-2	-0.117
36.887	-1.252E-2	-0.117
36.904	-1.304E-2	-0.117
36.920	-1.737E-2	-0.116
36.937	-2.479E-2	-0.116
36.954	-3.219E-2	-0.114
36.970	-3.694E-2	-0.111
36.987	-4.054E-2	-0.108
37.004	-4.109E-2	-0.104
37.020	-3.815E-2	-9.796E-2
37.037	-3.235E-2	-9.098E-2
37.054	-2.282E-2	-8.216E-2
37.070	-1.267E-2	-7.421E-2
37.087	-3.331E-3	-6.746E-2
37.104	7.722E-3	-6.295E-2
37.120	1.883E-2	-6.241E-2
37.137	3.086E-2	-6.678E-2
37.154	4.273E-2	-7.538E-2
37.170	5.240E-2	-8.633E-2
37.187	5.721E-2	-9.627E-2
37.204	5.784E-2	-0.105
37.221	5.452E-2	-0.111
37.237	5.262E-2	-0.114
37.254	5.260E-2	-0.115
37.271	5.241E-2	-0.115
37.287	5.178E-2	-0.115
37.304	4.865E-2	-0.114
37.321	4.247E-2	-0.114
37.337	3.307E-2	-0.113
37.354	2.638E-2	-0.111
37.371	2.197E-2	-0.108
37.387	1.837E-2	-0.105
37.404	1.736E-2	-0.100
37.421	1.997E-2	-9.388E-2
37.437	2.481E-2	-8.677E-2
37.454	3.208E-2	-7.944E-2
37.471	4.080E-2	-7.043E-2
37.487	5.085E-2	-6.223E-2
37.504	5.999E-2	-5.709E-2
37.521	7.120E-2	-5.466E-2
37.538	8.192E-2	-5.777E-2
37.554	9.417E-2	-6.699E-2
37.571	0.105	-7.753E-2
37.588	0.111	-8.845E-2
37.604	0.112	-9.715E-2
37.621	0.107	-0.104
37.638	0.103	-0.109
37.654	9.900E-2	-0.113
37.671	9.863E-2	-0.113
37.688	9.839E-2	-0.114
37.704	9.799E-2	-0.114
37.721	9.334E-2	-0.113
37.738	8.532E-2	-0.113
37.754	7.918E-2	-0.112
37.771	7.524E-2	-0.109
37.788	7.051E-2	-0.106
37.804	6.997E-2	-0.101
37.821	7.266E-2	-9.607E-2
37.838	7.839E-2	-9.020E-2
37.854	8.663E-2	-8.318E-2
37.871	9.704E-2	-7.628E-2
37.888	0.107	-6.959E-2
37.905	0.118	-6.525E-2
37.921	0.130	-6.506E-2
37.938	0.142	-6.980E-2
37.955	0.154	-7.837E-2
37.971	0.164	-8.947E-2
37.988	0.169	-9.894E-2
38.005	0.170	-0.106
38.021	0.168	-0.112
38.038	0.168	-0.112
38.055	0.168	-0.112
38.071	0.168	-0.112
38.088	0.167	-0.112
38.105	0.166	-0.112
38.121	0.161	-0.112
38.138	0.160	-0.112
38.155	0.160	-0.112
38.171	0.159	-0.112
38.188	0.158	-0.112
38.205	0.159	-0.112
38.222	0.159	-0.112
38.238	0.161	-0.112
38.255	0.164	-0.111
38.272	0.167	-0.111
38.288	0.169	-0.111
38.305	0.171	-0.111
38.322	0.174	-0.111
38.338	0.175	-0.111
38.355	0.177	-0.111
38.372	0.179	-0.111
