	mass D						
t	x	y	vx	vy	ax	ay	
0.083	0.435	-0.153				
0.100	0.438	-0.159	0.191	-0.364		
0.117	0.441	-0.165	0.174	-0.405	-1.330	-1.969
0.133	0.443	-0.172	0.140	-0.430	-1.861	-1.263
0.150	0.446	-0.179	0.115	-0.446	-1.599	-0.602
0.167	0.447	-0.187	8.558E-2	-0.451	-1.925	-0.130
0.184	0.448	-0.195	5.192E-2	-0.449	-1.136	6.715
0.200	0.449	-0.202	4.257E-2	-0.255	0.107	10.94
0.217	0.450	-0.203	6.020E-2	-3.266E-2	0.815	8.615
0.234	0.451	-0.203	7.004E-2	1.115E-2	-6.639E-2	1.454
0.250	0.452	-0.203	5.952E-2	1.732E-2	-1.943	6.051E-2
0.267	0.453	-0.203	6.795E-3	8.489E-3	-2.457	-0.194
0.284	0.452	-0.202	-3.208E-2	1.167E-2	-0.671	0.187
0.300	0.452	-0.202	-1.237E-2	1.553E-2	1.463	7.694E-2
0.317	0.452	-0.202	2.009E-2	1.427E-2	1.289	-0.183
0.334	0.453	-0.202	3.206E-2	9.213E-3	7.459E-2	-0.262
0.350	0.453	-0.202	2.146E-2	5.061E-3	-0.365	0.163
0.367	0.453	-0.201	1.690E-2	1.343E-2	-0.229	0.429
0.384	0.454	-0.201	1.700E-2	2.231E-2	0.224	0.277
0.400	0.454	-0.201	2.128E-2	2.125E-2	0.335	-0.199
0.417	0.454	-0.200	3.109E-2	1.626E-2	0.308	-0.228
0.434	0.455	-0.200	3.088E-2	1.234E-2	-0.128	-9.955E-2
0.450	0.455	-0.200	2.666E-2	1.364E-2	-0.242	2.532E-2
0.467	0.456	-0.200	2.240E-2	1.344E-2	-4.426E-2	4.557E-2
0.484	0.456	-0.200	2.464E-2	1.451E-2	0.358	9.184E-3
0.501	0.457	-0.199	3.471E-2	1.471E-2	0.304	-0.129
0.517	0.457	-0.199	3.671E-2	9.852E-3	-4.005E-2	-5.049E-2
0.534	0.458	-0.199	3.136E-2	1.170E-2	0.148	-2.553E-2
0.551	0.458	-0.199	4.055E-2	1.156E-2	-1.501E-3	-8.884E-2
0.567	0.459	-0.199	3.640E-2	6.582E-3	-0.392	-0.139
0.584	0.460	-0.198	2.195E-2	7.527E-3	-0.701	-0.149
0.601	0.460	-0.198	1.587E-2	2.665E-3	-0.333	-0.230
0.617	0.460	-0.198	9.260E-3	-2.052E-3	-0.232	-0.145
0.634	0.460	-0.198	8.773E-3	-1.059E-3	-4.246E-2	2.839E-2
0.651	0.460	-0.198	8.109E-3	-1.237E-3	1.260E-2	-4.916E-2
0.667	0.461	-0.198	8.721E-3	-2.569E-3	3.549E-2	-2.501E-2
0.684	0.461	-0.198	9.871E-3	-2.558E-3	-3.877E-2	4.979E-2
0.701	0.461	-0.199	7.438E-3	-5.185E-4	-0.163	4.286E-2
0.717	0.461	-0.198	4.033E-3	-8.841E-4	-0.144	1.996E-3
0.734	0.461	-0.199	2.583E-3	-1.066E-3	-4.331E-2	1.139E-2
0.751	0.461	-0.199	2.681E-3	-3.690E-5	1.278E-2	7.375E-2
0.767	0.461	-0.199	3.093E-3	1.087E-3	-2.912E-2	9.467E-2
0.784	0.461	-0.198	1.899E-3	3.289E-3	3.103E-2	1.865E-2
0.801	0.461	-0.198	3.333E-3	2.170E-3	-6.078E-2	-7.063E-2
0.817	0.461	-0.198	1.507E-3	1.287E-4	-8.387E-2	-5.041E-2
0.834	0.461	-0.198	-1.411E-3	7.760E-4	-1.314E-2	5.560E-2
0.851	0.461	-0.198	1.960E-3	1.998E-3	2.254E-2	0.104
0.868	0.461	-0.198	9.634E-5	4.185E-3	-1.354	0.240
0.884	0.461	-0.198	-3.934E-2	9.737E-3	-0.660	8.107E-2
0.901	0.460	-0.198	-3.710E-2	8.599E-3	0.724	-0.186
0.918	0.460	-0.198	8.452E-4	1.703E-3	1.317	-0.239
0.934	0.460	-0.198	1.262E-3	8.026E-4	0.131	-3.981E-2
0.951	0.460	-0.198	4.976E-3	9.229E-4	0.216	3.189E-2
0.968	0.460	-0.198	9.127E-3	1.412E-3	0.194	5.454E-2
0.984	0.460	-0.198	1.114E-2	3.081E-3	6.814E-2	-1.111E-2
1.001	0.460	-0.198	1.161E-2	1.356E-3	-3.576E-2	-2.940E-2
1.018	0.461	-0.198	9.838E-3	1.092E-3	9.335E-3	0.224
1.034	0.461	-0.198	1.126E-2	8.888E-3	0.236	0.344
1.051	0.461	-0.198	1.806E-2	1.405E-2	-0.108	-3.328E-2
1.068	0.461	-0.197	1.016E-2	7.597E-3	-0.331	-0.477
1.084	0.461	-0.197	2.367E-3	-2.797E-3	-3.355E-2	-0.326
1.101	0.462	-0.197	1.130E-2	-4.211E-3	0.798	3.525E-2
1.118	0.462	-0.197	2.802E-2	-1.832E-4	0.893	0.104
1.134	0.462	-0.197	4.338E-2	-7.517E-4	0.429	0.159
1.151	0.463	-0.197	4.220E-2	3.749E-3	-0.482	0.108
1.168	0.464	-0.197	2.706E-2	5.368E-3	-0.967	0.181
1.185	0.464	-0.197	8.647E-3	6.871E-3	-1.060	0.598
1.201	0.464	-0.197	-7.767E-3	2.573E-2	-0.802	1.300
1.218	0.464	-0.196	-1.909E-2	5.136E-2	-0.961	1.448
1.235	0.463	-0.195	-3.719E-2	7.430E-2	-0.738	1.319
1.251	0.463	-0.194	-4.833E-2	9.503E-2	-0.135	0.980
1.268	0.462	-0.192	-3.899E-2	0.108	0.482	0.418
1.285	0.461	-0.190	-3.173E-2	0.109	0.512	0.165
1.301	0.461	-0.189	-2.297E-2	0.112	0.677	0.347
1.318	0.461	-0.187	-8.671E-3	0.121	0.570	0.470
1.335	0.461	-0.185	-2.467E-3	0.128	0.304	0.464
1.351	0.460	-0.182	-5.576E-4	0.136	0.591	0.533
1.368	0.461	-0.180	1.649E-2	0.146	0.916	0.487
1.385	0.461	-0.177	3.300E-2	0.152	1.078	0.292
1.401	0.462	-0.175	4.940E-2	0.156	0.857	0.305
1.418	0.463	-0.172	6.479E-2	0.162	0.721	0.390
1.435	0.464	-0.169	7.138E-2	0.169	0.240	0.583
1.451	0.465	-0.167	7.415E-2	0.181	0.439	0.367
1.468	0.466	-0.163	8.322E-2	0.184	0.700	0.355
1.485	0.468	-0.160	0.100	0.189	0.562	0.158
1.502	0.470	-0.157	0.103	0.193	0.584	-5.284E-2
1.518	0.471	-0.154	0.115	0.185	0.217	-0.788
1.535	0.473	-0.151	0.117	0.168	0.150	-1.104
1.552	0.475	-0.148	0.112	0.146	-0.175	-1.017
1.568	0.477	-0.146	0.117	0.134	-8.223E-2	-0.683
1.585	0.479	-0.144	0.107	0.125	0.121	-0.436
1.602	0.481	-0.142	0.118	0.118	0.737	-0.438
1.618	0.483	-0.140	0.136	0.112	0.485	-0.692
1.635	0.485	-0.138	0.134	9.512E-2	9.410E-2	-0.978
1.652	0.487	-0.137	0.137	7.786E-2	0.222	-0.982
1.668	0.490	-0.136	0.144	6.317E-2	0.447	-1.014
1.685	0.492	-0.135	0.150	4.418E-2	0.435	-0.833
1.702	0.495	-0.134	0.160	3.341E-2	0.128	-0.614
1.718	0.498	-0.134	0.156	2.628E-2	-0.109	-0.524
1.735	0.500	-0.133	0.152	1.451E-2	0.264	-0.572
1.752	0.503	-0.133	0.166	7.289E-3	0.849	-0.394
1.768	0.506	-0.133	0.181	1.681E-3	0.701	-0.328
1.785	0.509	-0.133	0.190	-3.746E-3	0.987	-0.466
1.802	0.512	-0.133	0.211	-1.318E-2	0.465	-0.531
1.818	0.516	-0.133	0.213	-2.274E-2	0.768	-0.910
1.835	0.519	-0.134	0.225	-4.104E-2	0.416	-0.810
1.852	0.523	-0.135	0.240	-5.424E-2	0.957	-0.727
1.869	0.527	-0.136	0.246	-6.101E-2	0.505	-0.646
1.885	0.531	-0.137	0.265	-7.774E-2	0.885	-0.661
1.902	0.536	-0.138	0.271	-8.404E-2	0.380	-0.665
1.919	0.541	-0.140	0.279	-9.658E-2	0.362	-0.603
1.935	0.545	-0.142	0.282	-0.108	-7.537E-2	-0.793
1.952	0.550	-0.143	0.278	-0.119	-0.387	-0.692
1.969	0.554	-0.146	0.268	-0.135	-1.101	-0.542
1.985	0.559	-0.148	0.244	-0.137	-0.874	-0.294
2.002	0.563	-0.150	0.233	-0.142	-0.568	-0.565
2.019	0.567	-0.153	0.231	-0.157	-0.242	-0.635
2.035	0.570	-0.155	0.221	-0.164	-0.533	-0.526
2.052	0.574	-0.158	0.215	-0.173	-0.457	-0.491
2.069	0.578	-0.161	0.205	-0.183	-1.160	-0.910
2.085	0.581	-0.164	0.178	-0.200	-1.190	-1.389
2.102	0.583	-0.168	0.160	-0.231	-1.356	-2.234
2.119	0.586	-0.172	0.140	-0.273	-1.539	-2.360
2.135	0.588	-0.177	0.104	-0.313	-1.910	-2.254
2.152	0.590	-0.182	7.723E-2	-0.345	-1.739	-1.522
2.169	0.591	-0.188	4.674E-2	-0.367	-9.663E-2	2.708
2.186	0.591	-0.195	6.562E-2	-0.268	-0.140	8.157
2.202	0.593	-0.197	6.088E-2	-7.788E-2	3.285	8.111
2.219	0.593	-0.197	0.141	1.279E-2	2.389	3.024
2.236	0.598	-0.197	0.191	1.197E-2	-1.050	-0.115
2.252	0.600	-0.197	7.482E-2	7.466E-3	-5.711	-0.151
2.269	0.600	-0.197	1.770E-3	7.273E-3	-2.855	0.109
2.286	0.600	-0.197	-2.230E-2	1.082E-2	-0.279	6.327E-2
2.302	0.599	-0.196	-4.648E-3	1.071E-2	1.278	-0.109
2.319	0.600	-0.196	2.210E-2	5.986E-3	0.921	-0.165
2.336	0.600	-0.196	2.852E-2	5.174E-3	-0.276	2.977E-2
2.352	0.600	-0.196	1.096E-2	7.167E-3	-0.822	0.195
2.369	0.600	-0.196	-1.183E-3	1.155E-2	-0.301	0.243
2.386	0.600	-0.196	1.824E-3	1.575E-2	0.437	5.213E-2
2.402	0.601	-0.195	1.343E-2	1.367E-2	0.647	-0.339
2.419	0.601	-0.195	2.464E-2	4.231E-3	0.373	-0.362
2.436	0.601	-0.195	2.599E-2	1.247E-5	3.414E-2	-0.165
2.452	0.602	-0.195	2.464E-2	3.748E-4	-9.490E-2	-4.283E-3
2.469	0.602	-0.195	2.354E-2	-8.990E-4	-4.739E-2	-6.070E-2
2.486	0.603	-0.195	2.239E-2	-1.248E-3	-0.122	-2.516E-2
2.503	0.603	-0.195	2.027E-2	-1.958E-3	-4.563E-2	6.900E-2
2.519	0.603	-0.195	1.970E-2	7.358E-4	-1.260E-2	3.843E-2
2.536	0.604	-0.195	2.097E-2	5.421E-4	-3.305E-2	8.395E-3
2.553	0.604	-0.195	1.830E-2	-4.935E-4	-0.124	-5.087E-2
2.569	0.604	-0.195	1.644E-2	1.356E-5	-0.143	-1.200E-2
2.586	0.604	-0.195	1.410E-2	-1.547E-3	-0.217	-5.501E-2
2.603	0.605	-0.195	8.974E-3	-1.670E-3	-7.686E-2	-4.895E-3
2.619	0.605	-0.195	1.043E-2	-1.674E-3	6.737E-2	-1.170E-2
2.636	0.605	-0.195	1.309E-2	-2.029E-3	-2.057E-2	-3.266E-2
2.653	0.605	-0.195	9.012E-3	-2.787E-3	-0.119	-5.295E-2
2.669	0.605	-0.195	8.399E-3	-3.795E-3	-6.817E-2	2.371E-2
2.686	0.605	-0.195	7.933E-3	-2.380E-3	8.218E-2	8.013E-2
2.703	0.606	-0.195	9.654E-3	-4.634E-4	1.645E-2	5.881E-2
2.719	0.606	-0.195	1.042E-2	-6.963E-4	-2.862E-2	1.810E-2
2.736	0.606	-0.195	7.196E-3	-1.759E-5	-0.193	4.685E-2
2.753	0.606	-0.195	4.786E-3	1.094E-3	-5.849E-2	5.538E-2
2.769	0.606	-0.195	4.272E-3	1.733E-3	-7.240E-2	8.108E-2
2.786	0.606	-0.195	3.631E-3	3.647E-3	0.160	4.963E-3
2.803	0.606	-0.195	7.669E-3	2.649E-3	0.102	-4.699E-2
2.819	0.606	-0.195	9.901E-3	1.005E-3	-5.871E-2	-3.014E-2
2.836	0.607	-0.195	3.772E-3	2.217E-3	-0.204	8.494E-2
2.853	0.607	-0.195	3.069E-3	3.643E-3	-1.799E-2	3.813E-2
2.870	0.607	-0.195	3.777E-3	3.885E-3	-9.365E-2	6.137E-3
2.886	0.607	-0.195	1.586E-4	3.388E-3	-4.841E-2	-0.153
2.903	0.607	-0.195	7.299E-4	-3.947E-4	0.339	0.151
2.920	0.607	-0.195	1.199E-2	5.725E-3	0.417	0.255
2.936	0.607	-0.195	1.663E-2	1.219E-2	-6.961E-2	0.106
2.953	0.607	-0.195	8.565E-3	6.917E-3	-0.417	-0.213
2.970	0.607	-0.195	1.804E-3	5.235E-3	-0.274	-7.425E-2
2.986	0.607	-0.195	-1.831E-4	4.640E-3	-6.901E-2	9.018E-3
3.003	0.607	-0.194	-4.623E-4	5.310E-3	1.987E-2	-6.118E-2
3.020	0.607	-0.194	5.093E-4	3.378E-3	-0.132	-0.259
3.036	0.607	-0.194	-3.950E-3	-3.736E-3	-0.389	-9.168E-2
3.053	0.607	-0.195	-1.346E-2	-1.366E-3	0.101	0.318
3.070	0.607	-0.194	-3.157E-3	8.793E-3	-0.237	-0.182
3.086	0.607	-0.194	-1.307E-2	-4.855E-3	0.181	-0.339
3.103	0.606	-0.195	-1.013E-2	-9.768E-3	0.544	0.195
3.120	0.607	-0.195	1.655E-2	7.033E-3	0.716	0.402
3.136	0.607	-0.194	1.039E-2	4.166E-3	-0.298	-0.135
3.153	0.607	-0.194	5.155E-3	-5.434E-4	-0.202	2.933E-2
3.170	0.607	-0.194	4.559E-3	6.307E-3	-0.521	0.408
3.187	0.607	-0.194	-1.043E-2	1.352E-2	-1.045	0.665
3.203	0.607	-0.194	-3.308E-2	2.718E-2	-0.708	1.108
3.220	0.606	-0.193	-3.529E-2	5.124E-2	-0.395	1.313
3.237	0.606	-0.192	-4.153E-2	7.219E-2	-0.309	1.310
3.253	0.605	-0.191	-5.052E-2	9.329E-2	1.449E-2	1.024
3.270	0.604	-0.189	-3.939E-2	0.109	0.744	0.533
3.287	0.603	-0.187	-2.496E-2	0.110	1.144	-7.470E-3
3.303	0.603	-0.185	-2.640E-3	0.108	1.348	0.162
3.320	0.603	-0.184	2.221E-2	0.114	0.955	0.181
3.337	0.604	-0.182	2.987E-2	0.117	4.729E-2	-0.124
3.353	0.604	-0.180	2.280E-2	0.108	3.378E-2	0.116
3.370	0.605	-0.178	2.811E-2	0.118	0.235	0.738
3.387	0.605	-0.176	3.506E-2	0.137	0.903	0.657
3.403	0.606	-0.173	5.256E-2	0.140	0.934	0.216
3.420	0.607	-0.171	7.300E-2	0.142	0.937	0.278
3.437	0.608	-0.169	7.947E-2	0.150	0.329	0.438
3.453	0.610	-0.166	8.630E-2	0.157	0.183	0.215
3.470	0.611	-0.163	8.453E-2	0.158	0.332	0.324
3.487	0.612	-0.161	9.539E-2	0.165	0.298	0.341
3.504	0.614	-0.158	9.928E-2	0.173	0.502	0.516
3.520	0.616	-0.155	0.106	0.179	3.420E-2	0.619
3.537	0.618	-0.152	0.108	0.195	3.630E-2	0.525
3.554	0.619	-0.149	0.100	0.198	0.273	0.172
3.570	0.621	-0.145	0.119	0.198	0.696	9.328E-2
3.587	0.623	-0.142	0.127	0.203	0.154	-0.170
3.604	0.625	-0.139	0.121	0.194	-2.957E-2	-0.827
3.620	0.627	-0.136	0.125	0.174	8.310E-3	-1.436
3.637	0.630	-0.133	0.124	0.147	0.258	-1.641
3.654	0.632	-0.131	0.129	0.117	9.781E-2	-1.526
3.670	0.634	-0.129	0.133	9.584E-2	0.157	-1.374
3.687	0.636	-0.127	0.130	7.269E-2	-3.702E-2	-1.346
3.704	0.638	-0.126	0.134	4.943E-2	-5.526E-2	-1.241
3.720	0.640	-0.126	0.128	3.194E-2	-0.190	-0.656
3.737	0.643	-0.125	0.126	2.605E-2	0.404	-0.337
3.754	0.645	-0.125	0.142	2.338E-2	0.794	-0.296
3.770	0.647	-0.125	0.155	1.479E-2	0.799	-0.434
3.787	0.650	-0.124	0.166	9.038E-3	0.729	-0.412
3.804	0.653	-0.124	0.181	1.555E-3	0.716	-0.691
3.820	0.656	-0.124	0.190	-1.368E-2	0.531	-0.904
3.837	0.659	-0.125	0.198	-2.991E-2	0.346	-0.800
3.854	0.662	-0.125	0.203	-4.008E-2	0.134	-0.487
3.871	0.666	-0.126	0.201	-4.617E-2	0.576	-0.500
3.887	0.669	-0.127	0.219	-5.567E-2	1.007	-0.447
3.904	0.673	-0.128	0.240	-6.298E-2	0.673	-0.403
3.921	0.677	-0.129	0.240	-6.734E-2	0.168	-0.419
3.937	0.681	-0.130	0.244	-7.750E-2	5.148E-2	-0.638
3.954	0.685	-0.132	0.244	-8.877E-2	-0.113	-0.561
3.971	0.689	-0.133	0.238	-9.673E-2	-0.548	-0.564
3.987	0.693	-0.135	0.228	-0.106	-0.739	-7.311E-2
4.004	0.697	-0.137	0.212	-0.103	-0.737	-0.399
4.021	0.700	-0.138	0.203	-0.112	-0.302	-0.356
4.037	0.704	-0.140	0.202	-0.123	-0.535	-1.234
4.054	0.707	-0.142	0.188	-0.143	-0.693	-1.719
4.071	0.710	-0.145	0.174	-0.189	-1.525	-2.906
4.087	0.713	-0.149	0.144	-0.236	-1.796	-2.995
4.104	0.715	-0.153	0.106	-0.292	-2.027	-3.353
4.121	0.716	-0.158	8.148E-2	-0.346	-1.711	-2.579
4.137	0.717	-0.165	4.712E-2	-0.382	-1.960	-1.512
4.154	0.718	-0.171	1.564E-2	-0.393	-1.734	-0.621
4.171	0.718	-0.178	-1.062E-2	-0.403	-1.591	-0.491
4.188	0.718	-0.185	-3.682E-2	-0.410	0.423	4.866
4.204	0.717	-0.191	-5.345E-3	-0.262	1.380	9.497
4.221	0.717	-0.193	2.628E-2	-5.731E-2	2.561	8.165
4.238	0.718	-0.193	6.240E-2	3.226E-3	1.262	2.080
4.254	0.720	-0.193	8.820E-2	6.871E-3	-1.010	0.153
4.271	0.721	-0.193	2.074E-2	6.045E-3	-3.171	-5.544E-2
4.288	0.720	-0.193	-2.592E-2	6.485E-3	-1.246	0.147
4.304	0.720	-0.193	-1.740E-2	9.316E-3	0.900	7.795E-2
4.321	0.720	-0.193	6.388E-3	1.119E-2	1.157	-8.884E-2
4.338	0.720	-0.193	2.225E-2	5.231E-3	0.438	-0.222
4.354	0.720	-0.193	2.124E-2	3.218E-3	-0.259	0.138
4.371	0.721	-0.192	1.211E-2	9.730E-3	-0.374	0.358
4.388	0.721	-0.192	8.317E-3	1.644E-2	5.961E-3	0.152
4.404	0.721	-0.192	1.238E-2	1.476E-2	0.481	-6.021E-3
4.421	0.721	-0.192	2.431E-2	1.484E-2	0.362	-0.144
4.438	0.722	-0.191	2.699E-2	1.202E-2	4.183E-2	-0.229
4.454	0.722	-0.191	2.284E-2	5.289E-3	-0.131	-0.287
4.471	0.722	-0.191	2.377E-2	3.165E-3	-0.123	6.149E-2
4.488	0.723	-0.191	1.909E-2	6.509E-3	-0.220	6.301E-2
4.505	0.723	-0.191	1.514E-2	7.252E-3	0.143	0.238
4.521	0.723	-0.191	2.348E-2	1.158E-2	0.474	0.160
4.538	0.724	-0.191	3.294E-2	1.597E-2	0.453	5.466E-2
4.555	0.724	-0.190	3.747E-2	1.133E-2	0.577	-0.293
4.571	0.725	-0.190	5.129E-2	6.932E-3	2.073E-3	1.152E-3
4.588	0.726	-0.190	4.295E-2	9.636E-3	-0.720	-7.432E-2
4.605	0.727	-0.190	2.067E-2	7.844E-3	-1.016	-0.197
4.621	0.727	-0.190	1.174E-2	-1.042E-4	-0.384	-0.208
4.638	0.727	-0.190	6.553E-3	1.762E-3	-6.275E-3	-1.975E-2
4.655	0.727	-0.190	1.187E-2	2.489E-4	0.102	-8.327E-2
4.671	0.727	-0.190	1.187E-2	-2.355E-3	-0.121	-6.397E-2
4.688	0.728	-0.190	5.978E-3	-1.234E-3	-0.283	5.889E-2
4.705	0.728	-0.190	2.999E-3	-4.596E-4	-1.432E-2	4.852E-2
4.721	0.728	-0.190	4.665E-3	3.933E-4	0.126	1.573E-2
4.738	0.728	-0.190	8.398E-3	2.150E-4	0.114	-3.596E-2
4.755	0.728	-0.190	8.121E-3	-9.610E-4	-0.141	1.767E-4
4.771	0.728	-0.190	3.992E-3	-6.346E-5	-0.175	5.259E-2
4.788	0.728	-0.190	1.228E-3	1.307E-3	-7.549E-2	5.378E-2
4.805	0.728	-0.190	2.193E-3	1.459E-3	2.309E-2	-2.641E-2
4.821	0.728	-0.190	1.979E-3	6.593E-4	-4.390E-2	-8.107E-3
4.838	0.728	-0.190	7.276E-4	6.990E-4	-0.121	3.621E-2
4.855	0.728	-0.190	-1.993E-3	2.260E-3	-6.206E-2	2.688E-2
4.872	0.728	-0.190	-2.003E-3	1.721E-3	5.784E-2	-4.468E-2
4.888	0.728	-0.190	6.093E-4	4.489E-4	0.114	-3.700E-2
4.905	0.728	-0.190	1.716E-3	5.112E-4	0.146	-2.294E-2
4.922	0.728	-0.190	5.045E-3	-6.036E-5	5.908E-2	-1.494E-2
4.938	0.728	-0.190	4.944E-3	-3.713E-4	0.104	6.538E-2
4.955	0.728	-0.190	6.524E-3	2.139E-3	0.157	4.255E-2
4.972	0.728	-0.190	1.188E-2	1.836E-3	5.511E-2	-2.379E-2
4.988	0.729	-0.190	8.469E-3	3.283E-4	-0.203	-6.673E-2
5.005	0.729	-0.190	3.909E-3	2.500E-4	-0.172	-3.957E-2
5.022	0.729	-0.190	3.214E-3	-1.229E-3	8.935E-2	-0.102
5.038	0.729	-0.190	6.407E-3	-3.058E-3	0.197	6.645E-2
5.055	0.729	-0.190	1.066E-2	1.342E-4	0.205	7.525E-2
5.072	0.729	-0.190	1.280E-2	1.312E-3	0.110	3.270E-3
5.088	0.729	-0.190	1.452E-2	-1.354E-3	-4.164E-3	3.945E-2
5.105	0.730	-0.190	1.289E-2	2.715E-3	-1.876E-2	1.005E-2
5.122	0.730	-0.190	1.295E-2	7.228E-4	-0.383	-7.125E-2
5.138	0.730	-0.190	2.755E-3	-2.145E-3	-0.433	1.923E-2
5.155	0.730	-0.190	-5.840E-3	2.630E-3	-0.114	0.462
5.172	0.730	-0.190	1.277E-3	1.239E-2	-0.953	-0.114
5.189	0.730	-0.189	-3.196E-2	3.131E-3	-0.961	4.723E-3
5.205	0.729	-0.190	-4.510E-2	4.061E-3	0.455	0.822
5.222	0.729	-0.189	-6.929E-3	3.606E-2	0.898	1.703
5.239	0.729	-0.188	-1.156E-2	6.084E-2	-0.541	1.217
5.255	0.728	-0.187	-3.238E-2	7.692E-2	-0.798	0.808
5.272	0.728	-0.186	-3.561E-2	8.716E-2	0.268	0.452
5.289	0.727	-0.184	-2.540E-2	9.250E-2	0.989	0.392
5.305	0.727	-0.183	-7.720E-4	9.888E-2	1.087	0.640
5.322	0.727	-0.181	1.268E-2	0.114	0.452	0.636
5.339	0.727	-0.179	1.280E-2	0.122	0.266	0.487
5.355	0.727	-0.177	2.014E-2	0.128	0.662	0.431
5.372	0.728	-0.175	3.612E-2	0.138	0.659	0.474
5.389	0.729	-0.172	4.339E-2	0.143	0.955	0.298
5.405	0.729	-0.170	6.364E-2	0.148	0.844	0.480
5.422	0.731	-0.167	7.852E-2	0.159	0.613	0.562
5.439	0.732	-0.165	7.848E-2	0.168	0.507	0.620
5.455	0.733	-0.162	9.635E-2	0.177	0.823	0.716
5.472	0.735	-0.159	0.108	0.193	0.720	0.812
5.489	0.737	-0.155	0.117	0.205	0.246	-6.544E-2
5.506	0.739	-0.152	0.120	0.193	0.285	-0.887
5.522	0.741	-0.149	0.123	0.171	-0.166	-1.112
5.539	0.743	-0.146	0.120	0.158	-0.352	-1.151
5.556	0.745	-0.144	0.106	0.134	-0.109	-1.041
5.572	0.747	-0.142	0.116	0.119	5.627E-4	-1.061
5.589	0.749	-0.140	0.112	0.104	-7.903E-2	-0.996
5.606	0.750	-0.138	0.106	8.157E-2	0.165	-0.858
5.622	0.752	-0.137	0.121	7.602E-2	0.250	-0.675
5.639	0.754	-0.136	0.116	6.182E-2	9.767E-2	-0.776
5.656	0.756	-0.135	0.119	4.632E-2	0.306	-0.702
5.672	0.758	-0.134	0.132	4.061E-2	0.503	-0.403
5.689	0.761	-0.134	0.133	3.240E-2	5.720E-2	-0.359
5.706	0.763	-0.133	0.134	2.818E-2	0.156	-0.391
5.722	0.765	-0.133	0.138	2.083E-2	0.543	-0.518
5.739	0.767	-0.132	0.152	9.531E-3	0.687	-0.630
5.756	0.770	-0.132	0.163	2.913E-4	0.657	-0.444
5.772	0.773	-0.132	0.172	-5.912E-3	0.304	-0.218
5.789	0.776	-0.132	0.176	-6.700E-3	0.747	-0.222
5.806	0.779	-0.133	0.191	-1.216E-2	0.940	-0.448
5.822	0.782	-0.133	0.213	-2.274E-2	1.197	-0.387
5.839	0.786	-0.133	0.227	-2.580E-2	0.572	-0.352
5.856	0.790	-0.134	0.236	-3.221E-2	0.400	-0.486
5.873	0.794	-0.134	0.237	-4.400E-2	0.242	-0.752
5.889	0.798	-0.135	0.245	-5.606E-2	0.429	-0.630
5.906	0.802	-0.136	0.251	-6.656E-2	0.417	-0.610
5.923	0.806	-0.137	0.259	-7.498E-2	0.412	-0.481
5.939	0.811	-0.139	0.266	-8.373E-2	0.201	-0.520
5.956	0.815	-0.140	0.266	-9.141E-2	-0.154	-0.538
5.973	0.819	-0.142	0.260	-0.102	-0.350	-0.668
5.989	0.824	-0.144	0.254	-0.114	-0.510	-0.481
6.006	0.828	-0.146	0.244	-0.119	-0.590	-0.383
6.023	0.832	-0.148	0.233	-0.124	-0.448	-0.354
6.039	0.836	-0.150	0.229	-0.132	-0.677	-0.437
6.056	0.839	-0.152	0.213	-0.138	-0.912	-0.592
6.073	0.843	-0.154	0.195	-0.152	-1.055	-1.047
6.089	0.846	-0.157	0.181	-0.174	-1.295	-1.703
6.106	0.849	-0.160	0.152	-0.208	-2.390	-2.294
6.123	0.851	-0.164	0.102	-0.251	-2.672	-2.561
6.139	0.852	-0.169	5.798E-2	-0.293	-2.641	-2.264
6.156	0.853	-0.174	1.830E-2	-0.327	-2.251	-1.706
6.173	0.853	-0.179	-2.135E-2	-0.350	-1.063E-2	2.149
6.190	0.852	-0.185	1.178E-2	-0.269	0.786	7.433
6.206	0.853	-0.188	2.439E-2	-8.826E-2	3.288	7.616
6.223	0.853	-0.188	9.130E-2	-1.318E-3	1.965	3.177
6.240	0.856	-0.189	0.132	2.625E-3	-1.048	0.147
6.256	0.857	-0.188	3.097E-2	6.799E-3	-4.428	0.246
6.273	0.857	-0.188	-1.820E-2	8.071E-3	-1.599	7.731E-2
6.290	0.857	-0.188	-1.968E-2	1.144E-2	0.446	9.296E-2
6.306	0.857	-0.188	-1.952E-3	1.009E-2	0.852	-6.963E-2
6.323	0.857	-0.188	1.083E-2	9.427E-3	0.560	-5.137E-2
6.340	0.857	-0.188	1.514E-2	8.234E-3	-0.403	0.167
6.356	0.857	-0.187	4.559E-4	1.407E-2	-0.419	0.265
6.373	0.857	-0.187	-5.838E-3	1.914E-2	-0.105	0.231
6.390	0.857	-0.187	2.992E-3	2.018E-2	0.541	-4.702E-2
6.406	0.857	-0.186	8.765E-3	1.891E-2	0.684	-0.206
6.423	0.857	-0.186	2.704E-2	1.239E-2	0.557	-0.337
6.440	0.858	-0.186	3.010E-2	7.580E-3	-0.231	-0.197
6.456	0.858	-0.186	1.676E-2	5.703E-3	-0.699	-7.848E-2
6.473	0.859	-0.186	6.577E-3	5.270E-3	4.969E-2	0.250
6.490	0.859	-0.186	1.625E-2	1.279E-2	0.244	0.255
6.507	0.859	-0.185	2.049E-2	1.668E-2	0.166	5.731E-2
6.523	0.859	-0.185	1.643E-2	1.245E-2	-0.107	-0.358
6.540	0.860	-0.185	2.003E-2	6.117E-3	0.117	-0.170
6.557	0.860	-0.185	1.898E-2	4.427E-3	-0.110	-0.248
6.573	0.860	-0.185	1.714E-2	1.104E-3	-0.320	-0.197
6.590	0.861	-0.185	8.382E-3	-5.215E-3	-0.459	-0.171
6.607	0.861	-0.185	6.183E-4	-3.166E-3	-0.117	5.946E-2
6.623	0.861	-0.185	4.208E-3	-3.176E-3	0.155	0.126
6.640	0.861	-0.185	7.691E-3	1.970E-4	0.253	6.236E-2
6.657	0.861	-0.185	1.079E-2	6.397E-4	-2.975E-2	-2.055E-2
6.673	0.861	-0.185	9.182E-3	-2.177E-3	-8.892E-2	-0.103
6.690	0.861	-0.185	5.029E-3	-1.993E-3	-0.104	7.016E-3
6.707	0.861	-0.185	7.240E-3	-2.245E-3	7.744E-2	9.879E-2
6.723	0.861	-0.185	7.310E-3	1.039E-3	-4.154E-3	0.105
6.740	0.861	-0.185	7.134E-3	2.303E-3	-4.764E-2	2.149E-3
6.757	0.862	-0.185	5.816E-3	2.390E-4	-0.104	-5.273E-2
6.773	0.862	-0.185	3.537E-3	5.941E-4	-0.115	1.571E-2
6.790	0.862	-0.185	1.878E-3	1.045E-3	-2.878E-2	1.566E-2
6.807	0.862	-0.185	2.451E-3	9.296E-4	-4.917E-2	2.584E-3
6.823	0.862	-0.185	9.747E-4	1.184E-3	-6.017E-2	-5.164E-3
6.840	0.862	-0.185	-5.762E-4	8.419E-4	-6.751E-2	2.464E-2
6.857	0.862	-0.185	-5.009E-4	1.669E-3	-3.597E-2	1.927E-2
6.874	0.862	-0.185	-2.084E-3	2.052E-3	-7.982E-2	7.366E-2
6.890	0.862	-0.185	-3.165E-3	3.363E-3	6.133E-3	-1.102E-2
6.907	0.862	-0.185	-2.112E-3	2.843E-3	0.158	-0.103
6.924	0.862	-0.185	2.177E-3	-1.007E-3	0.144	-0.158
6.940	0.862	-0.185	3.510E-3	-2.322E-3	9.405E-2	-7.419E-2
6.957	0.862	-0.185	4.178E-3	-3.278E-3	-9.473E-2	-3.484E-3
6.974	0.862	-0.185	1.823E-3	-2.797E-3	-0.176	8.773E-2
6.990	0.862	-0.185	-3.224E-3	-1.031E-4	-0.174	0.127
7.007	0.862	-0.185	-3.512E-3	1.654E-3	8.809E-2	2.952E-2
7.024	0.862	-0.185	-5.296E-4	9.041E-4	-2.331E-3	1.037E-2
7.040	0.862	-0.185	-2.211E-3	1.436E-3	-0.128	5.452E-2
7.057	0.862	-0.185	-6.475E-3	3.282E-3	-1.084	-0.255
7.074	0.862	-0.185	-3.377E-2	-5.878E-3	-0.821	0.130
7.090	0.860	-0.185	-4.418E-2	2.354E-3	-4.501E-2	0.374
7.107	0.860	-0.185	-2.656E-2	1.386E-2	0.281	0.333
7.124	0.860	-0.185	-3.568E-2	8.994E-3	-0.101	-0.241
7.140	0.859	-0.185	-3.436E-2	7.475E-3	-0.586	-0.311
7.157	0.858	-0.184	-4.729E-2	-1.493E-3	-0.594	-0.184
7.174	0.857	-0.185	-6.366E-2	-9.822E-4	-0.636	0.145
7.191	0.856	-0.184	-6.208E-2	6.072E-3	-0.159	0.828
7.207	0.855	-0.184	-7.129E-2	2.339E-2	0.491	1.076
7.224	0.854	-0.184	-4.936E-2	4.595E-2	0.824	1.289
7.241	0.854	-0.183	-3.466E-2	6.384E-2	0.732	1.154
7.257	0.853	-0.182	-3.320E-2	8.577E-2	-0.528	0.985
7.274	0.852	-0.180	-4.411E-2	9.742E-2	-0.167	0.288
7.291	0.851	-0.178	-4.949E-2	9.517E-2	0.826	0.109
7.307	0.851	-0.177	-1.128E-2	9.847E-2	1.574	0.536
7.324	0.851	-0.175	6.869E-3	0.115	0.347	0.705
7.341	0.851	-0.173	-2.473E-3	0.123	6.913E-2	0.423
7.357	0.851	-0.171	5.531E-3	0.127	0.605	0.162
7.374	0.851	-0.169	2.256E-2	0.130	1.337	0.326
7.391	0.852	-0.167	4.573E-2	0.136	1.562	0.444
7.407	0.853	-0.164	7.859E-2	0.146	0.720	0.408
7.424	0.854	-0.162	7.274E-2	0.150	7.580E-2	0.390
7.441	0.855	-0.159	7.187E-2	0.158	0.878	0.675
7.457	0.857	-0.156	0.107	0.173	1.263	0.541
7.474	0.859	-0.153	0.118	0.177	0.826	0.558
7.491	0.861	-0.151	0.127	0.188	0.347	0.196
7.508	0.863	-0.147	0.136	0.190	1.015	-0.188
7.524	0.865	-0.144	0.153	0.176	0.156	-0.575
7.541	0.868	-0.141	0.153	0.172	-0.400	-0.890
7.558	0.870	-0.138	0.129	0.149	-0.510	-1.286
7.574	0.872	-0.136	0.139	0.124	0.320	-0.909
7.591	0.875	-0.134	0.143	0.121	-9.012E-2	-0.604
7.608	0.877	-0.132	0.134	0.107	0.326	-0.526
7.624	0.879	-0.131	0.150	9.832E-2	0.317	-0.504
7.641	0.882	-0.129	0.153	9.503E-2	0.196	-0.397
7.658	0.884	-0.128	0.147	8.241E-2	4.832E-2	-0.614
7.674	0.887	-0.126	0.160	7.512E-2	0.481	-0.530
7.691	0.890	-0.125	0.162	6.528E-2	-2.682E-2	-0.742
7.708	0.892	-0.124	0.159	5.022E-2	-7.505E-2	-0.710
7.724	0.895	-0.123	0.159	4.027E-2	0.402	-0.422
7.741	0.898	-0.123	0.172	3.719E-2	0.733	-0.576
7.758	0.901	-0.122	0.186	2.260E-2	0.709	-0.544
7.774	0.904	-0.122	0.194	1.485E-2	0.137	-0.178
7.791	0.907	-0.122	0.193	1.999E-2	0.563	-0.215
7.808	0.910	-0.121	0.207	8.558E-3	0.536	-0.461
7.824	0.914	-0.121	0.219	8.237E-4	1.115	-0.648
7.841	0.918	-0.121	0.235	-8.510E-3	0.451	-0.588
7.858	0.922	-0.122	0.245	-2.287E-2	0.598	-0.980
7.875	0.926	-0.122	0.245	-3.779E-2	-7.043E-2	-0.937
7.891	0.930	-0.123	0.250	-5.703E-2	0.584	-0.553
7.908	0.934	-0.124	0.257	-5.677E-2	9.031E-2	-0.467
7.925	0.939	-0.125	0.261	-6.771E-2	0.488	-0.585
7.941	0.943	-0.126	0.265	-8.229E-2	-0.595	-1.031
7.958	0.948	-0.128	0.252	-9.668E-2	-0.448	-0.957
7.975	0.951	-0.129	0.237	-0.119	-0.698	-0.856
7.991	0.956	-0.131	0.239	-0.124	0.120	-0.226
8.008	0.959	-0.134	0.234	-0.125	-0.726	-0.506
8.025	0.963	-0.136	0.222	-0.139	-1.132	-0.796
8.041	0.967	-0.138	0.191	-0.155	-0.925	-0.954
8.058	0.970	-0.141	0.190	-0.169	-0.659	-1.131
8.075	0.973	-0.144	0.176	-0.194	-1.828	-1.727
8.091	0.976	-0.147	0.125	-0.226	-2.931	-1.962
8.108	0.977	-0.151	7.662E-2	-0.260	-2.813	-2.398
8.125	0.978	-0.156	3.259E-2	-0.304	-2.588	-2.258
8.141	0.978	-0.162	-1.097E-2	-0.340	-2.401	-1.828
8.158	0.978	-0.167	-4.725E-2	-0.361	-1.871	-1.013
8.175	0.977	-0.174	-7.399E-2	-0.376	0.715	3.184
8.192	0.975	-0.180	-3.135E-2	-0.269	1.956	8.410
8.208	0.976	-0.183	9.420E-3	-7.638E-2	3.588	7.860
8.225	0.976	-0.182	6.750E-2	2.226E-3	1.729	2.834
8.242	0.978	-0.182	9.486E-2	3.814E-3	-1.144	0.113
8.258	0.979	-0.182	1.282E-2	8.866E-3	-3.431	0.167
8.275	0.978	-0.182	-2.507E-2	7.877E-3	-1.327	0.158
8.292	0.978	-0.182	-2.513E-2	1.379E-2	0.608	9.785E-2
8.308	0.978	-0.182	-8.142E-3	1.337E-2	0.962	-0.245
8.325	0.978	-0.182	1.230E-2	3.786E-3	0.829	-8.233E-2
8.342	0.978	-0.182	1.696E-2	9.020E-3	-0.217	0.289
8.358	0.978	-0.181	7.414E-3	1.679E-2	-0.737	0.143
8.375	0.978	-0.181	-1.076E-2	1.252E-2	-0.152	1.860E-2
8.392	0.978	-0.181	9.192E-5	1.588E-2	0.565	3.258E-2
8.408	0.978	-0.180	1.405E-2	1.660E-2	0.444	-0.267
8.425	0.978	-0.180	1.172E-2	5.313E-3	-2.121E-2	-0.383
8.442	0.979	-0.180	1.359E-2	2.541E-3	0.165	-0.133
8.458	0.979	-0.180	1.731E-2	2.926E-3	-6.284E-2	-5.530E-2
8.475	0.979	-0.180	1.284E-2	-3.711E-4	-0.390	1.098E-2
8.492	0.979	-0.180	2.593E-3	2.896E-3	0.142	0.223
8.509	0.979	-0.180	1.518E-2	8.127E-3	0.318	0.267
8.525	0.980	-0.180	1.999E-2	1.133E-2	4.100E-2	-4.344E-2
8.542	0.980	-0.180	1.069E-2	7.829E-3	-0.236	-0.125
8.559	0.980	-0.180	1.414E-2	4.970E-3	2.669E-2	-0.231
8.575	0.980	-0.180	1.215E-2	2.383E-3	-0.227	-0.113
8.592	0.981	-0.180	5.839E-3	-9.146E-4	-0.190	-0.232
8.609	0.981	-0.180	5.139E-3	-3.459E-3	6.832E-2	-3.228E-2
8.625	0.981	-0.180	8.959E-3	-4.066E-3	0.256	6.129E-3
8.642	0.981	-0.180	1.340E-2	-1.375E-3	5.070E-2	5.816E-2
8.659	0.981	-0.180	1.188E-2	-2.928E-3	-0.189	-8.051E-2
8.675	0.981	-0.180	5.694E-3	-3.942E-3	-0.363	5.018E-2
8.692	0.981	-0.180	3.890E-4	-1.753E-3	-0.147	7.332E-2
8.709	0.981	-0.180	-3.639E-4	-4.162E-4	-7.301E-3	4.466E-2
8.725	0.981	-0.180	1.559E-3	-1.166E-3	4.718E-2	-1.725E-3
8.742	0.981	-0.180	5.919E-4	-1.249E-4	-0.118	0.106
8.759	0.981	-0.180	-1.958E-3	2.115E-3	-2.148E-2	5.832E-2
8.775	0.981	-0.180	-1.248E-3	2.519E-3	3.736E-2	-2.231E-2
8.792	0.981	-0.180	7.008E-4	7.246E-4	7.853E-2	-2.164E-2
8.809	0.981	-0.180	4.505E-4	1.729E-3	-4.294E-2	1.430E-2
8.825	0.981	-0.180	-8.415E-5	1.802E-3	-6.322E-2	2.036E-2
8.842	0.981	-0.180	-2.131E-3	1.700E-3	-6.288E-2	1.526E-2
8.859	0.981	-0.180	-2.207E-3	2.820E-3	1.575E-2	3.730E-2
8.876	0.981	-0.180	-1.422E-3	2.777E-3	9.038E-2	-3.289E-2
8.892	0.981	-0.180	5.744E-4	1.850E-3	5.354E-2	-2.531E-2
8.909	0.981	-0.180	9.961E-4	1.584E-3	2.020E-2	-4.759E-2
8.926	0.981	-0.180	5.201E-4	7.813E-4	-4.074E-3	-4.494E-2
8.942	0.981	-0.180	1.283E-3	-4.498E-4	2.073E-2	9.136E-3
8.959	0.981	-0.180	1.101E-3	1.154E-3	7.535E-3	3.855E-2
8.976	0.981	-0.180	1.437E-3	1.371E-3	6.658E-3	3.338E-2
8.992	0.981	-0.180	1.530E-3	1.542E-3	-5.478E-2	-3.576E-2
9.009	0.981	-0.180	-3.507E-4	9.998E-4	-0.103	2.419E-2
9.026	0.981	-0.180	-2.224E-3	1.305E-3	6.707E-2	-9.496E-2
9.042	0.981	-0.179	1.423E-3	-6.771E-4	7.669E-2	-6.090E-3
9.059	0.981	-0.180	2.023E-3	-9.596E-4	-6.300E-3	8.033E-2
9.076	0.981	-0.180	-4.686E-4	3.613E-3	8.195E-3	0.175
9.092	0.981	-0.179	2.724E-3	4.487E-3	-0.233	0.176
9.109	0.981	-0.179	-6.129E-3	8.854E-3	-0.505	0.186
9.126	0.981	-0.179	-1.759E-2	1.199E-2	-0.447	-9.134E-2
9.142	0.981	-0.179	-1.935E-2	5.668E-3	-0.418	-0.331
9.159	0.980	-0.179	-3.050E-2	-3.193E-4	-2.377	-0.761
9.176	0.980	-0.179	-9.361E-2	-1.691E-2	-1.363	8.351E-2
9.193	0.977	-0.180	-9.699E-2	-5.824E-3	0.196	0.946
9.209	0.977	-0.179	-6.289E-2	2.420E-2	0.857	1.310
9.226	0.975	-0.179	-7.991E-2	3.395E-2	0.825	0.808
9.243	0.974	-0.178	-3.938E-2	5.113E-2	2.226	1.244
9.259	0.974	-0.177	5.898E-3	7.552E-2	1.117	1.340
9.276	0.974	-0.176	-4.955E-3	9.720E-2	-0.699	0.943
9.293	0.974	-0.174	-2.175E-2	0.107	0.217	0.253
9.309	0.973	-0.172	2.365E-4	0.106	1.718	0.175
9.326	0.974	-0.170	4.057E-2	0.110	1.229	0.413
9.343	0.975	-0.168	4.413E-2	0.122	-0.408	0.388
9.359	0.975	-0.166	2.242E-2	0.123	-0.309	9.885E-2
9.376	0.975	-0.164	3.048E-2	0.124	0.458	0.330
9.393	0.976	-0.162	4.444E-2	0.134	0.993	0.396
9.409	0.977	-0.160	5.780E-2	0.139	0.954	0.179
9.426	0.978	-0.157	8.064E-2	0.138	1.184	0.190
9.443	0.980	-0.155	9.545E-2	0.146	0.538	0.554
9.459	0.981	-0.153	0.101	0.157	0.712	0.469
9.476	0.983	-0.150	0.115	0.162	0.593	0.375
9.493	0.985	-0.147	0.127	0.168	0.744	0.426
9.510	0.987	-0.144	0.134	0.178	0.739	0.456
9.526	0.990	-0.141	0.154	0.183	0.598	0.154
9.543	0.992	-0.138	0.155	0.183	9.035E-2	-0.220
9.560	0.995	-0.135	0.153	0.176	-3.164E-2	-0.639
9.576	0.998	-0.132	0.157	0.161	-0.262	-1.055
9.593	1.000	-0.130	0.145	0.141	-0.714	-1.362
9.610	1.002	-0.128	0.131	0.115	-0.838	-1.494
9.626	1.004	-0.126	0.119	9.081E-2	-0.125	-1.286
9.643	1.006	-0.125	0.123	7.181E-2	0.346	-0.792
9.660	1.009	-0.123	0.135	6.413E-2	0.508	-0.621
9.676	1.011	-0.122	0.137	5.339E-2	0.133	-0.495
9.693	1.013	-0.122	0.140	4.459E-2	0.410	-0.411
9.710	1.016	-0.121	0.150	4.208E-2	0.312	-8.760E-2
9.726	1.018	-0.120	0.154	4.009E-2	8.094E-2	-0.374
9.743	1.021	-0.120	0.150	3.212E-2	0.325	-0.737
9.760	1.023	-0.119	0.164	1.364E-2	0.675	-0.846
9.776	1.026	-0.119	0.176	3.110E-3	0.487	-0.483
9.793	1.029	-0.119	0.177	-1.419E-3	0.865	-0.205
9.810	1.032	-0.119	0.202	-4.175E-3	0.941	-4.245E-2
9.826	1.036	-0.119	0.216	-2.730E-3	1.025	-0.127
9.843	1.039	-0.119	0.228	-7.074E-3	0.805	-0.482
9.860	1.043	-0.119	0.250	-1.978E-2	0.753	-0.837
9.877	1.048	-0.120	0.251	-3.490E-2	0.305	-0.512
9.893	1.052	-0.121	0.258	-3.890E-2	0.383	-0.458
9.910	1.056	-0.121	0.266	-4.609E-2	0.353	-0.433
9.927	1.061	-0.122	0.268	-5.730E-2	0.614	-0.468
9.943	1.065	-0.123	0.286	-5.961E-2	0.261	-0.440
9.960	1.070	-0.124	0.283	-7.145E-2	1.877E-2	-0.570
9.977	1.075	-0.126	0.278	-8.086E-2	-1.126	-0.722
9.993	1.079	-0.127	0.256	-9.263E-2	-0.359	-0.538
10.010	1.083	-0.129	0.251	-0.102	-0.706	-0.455
10.027	1.088	-0.130	0.249	-0.105	-0.191	-0.399
10.043	1.091	-0.132	0.231	-0.116	-0.655	-0.613
10.060	1.095	-0.134	0.235	-0.126	-0.706	-0.713
10.077	1.099	-0.136	0.207	-0.139	-1.913	-1.474
10.093	1.102	-0.139	0.168	-0.174	-2.172	-2.230
10.110	1.105	-0.142	0.136	-0.217	-3.063	-2.517
10.127	1.107	-0.146	7.074E-2	-0.256	-3.553	-2.486
10.143	1.107	-0.151	7.406E-3	-0.300	-3.338	-2.412
10.160	1.107	-0.156	-3.392E-2	-0.338	-2.666	-1.901
10.177	1.106	-0.162	-8.389E-2	-0.363	-3.019	-1.187
10.194	1.104	-0.168	-0.134	-0.378	1.087	3.515
10.210	1.102	-0.175	-6.546E-2	-0.262	3.631	8.492
10.227	1.102	-0.177	1.981E-2	-7.038E-2	5.166	7.780
10.244	1.102	-0.177	8.062E-2	1.394E-3	1.589	2.590
10.260	1.105	-0.177	0.101	4.599E-3	-1.435	3.462E-2
10.277	1.106	-0.177	1.393E-2	4.649E-3	-3.612	8.701E-2
10.294	1.105	-0.177	-2.302E-2	4.920E-3	-1.045	0.170
10.310	1.105	-0.177	-1.614E-2	1.196E-2	0.652	0.191
10.327	1.105	-0.176	-9.883E-4	1.165E-2	0.591	-0.148
10.344	1.105	-0.176	5.708E-3	6.314E-3	0.221	8.146E-2
10.360	1.105	-0.176	4.215E-3	1.268E-2	-0.354	0.228
10.377	1.105	-0.176	-4.127E-3	1.749E-2	-0.499	8.654E-2
10.394	1.105	-0.176	-1.501E-2	1.308E-2	-0.144	-2.073E-2
10.410	1.105	-0.175	-9.104E-3	1.681E-2	0.541	-2.942E-2
10.427	1.105	-0.175	4.522E-3	1.416E-2	0.637	-0.289
10.444	1.105	-0.175	1.259E-2	5.116E-3	9.926E-2	-0.303
10.460	1.105	-0.175	8.369E-3	4.064E-3	-0.108	2.679E-2
10.477	1.105	-0.175	6.363E-3	6.635E-3	-7.972E-3	0.228
10.494	1.105	-0.175	1.019E-2	1.126E-2	6.417E-2	0.135
10.511	1.105	-0.174	8.095E-3	1.235E-2	0.110	6.884E-2
10.527	1.105	-0.174	1.249E-2	1.205E-2	0.318	-7.732E-2
10.544	1.106	-0.174	2.047E-2	1.117E-2	0.436	3.627E-2
10.561	1.106	-0.174	2.612E-2	1.159E-2	0.158	-0.150
10.577	1.107	-0.174	2.704E-2	8.528E-3	-0.379	-0.190
10.594	1.107	-0.173	1.357E-2	2.784E-3	-0.599	-0.250
10.611	1.107	-0.173	4.285E-3	1.622E-3	-0.252	-8.870E-2
10.627	1.107	-0.173	6.827E-3	-7.773E-4	9.933E-2	-0.164
10.644	1.107	-0.173	7.841E-3	-3.395E-3	-3.608E-2	-4.363E-2
10.661	1.107	-0.174	5.625E-3	-3.132E-3	-0.109	3.566E-2
10.677	1.108	-0.174	3.713E-3	-1.141E-3	-0.135	4.381E-2
10.694	1.108	-0.174	1.676E-3	-2.070E-3	-3.606E-2	-2.336E-2
10.711	1.108	-0.174	1.639E-3	-2.071E-3	7.436E-2	4.862E-2
10.727	1.108	-0.174	4.850E-3	-4.032E-4	4.802E-2	5.727E-2
10.744	1.108	-0.174	3.643E-3	1.877E-4	0.123	3.847E-2
10.761	1.108	-0.174	7.235E-3	4.289E-4	8.918E-2	2.460E-2
10.777	1.108	-0.174	9.249E-3	1.318E-3	-6.888E-3	2.070E-3
10.794	1.108	-0.174	5.039E-3	5.220E-4	-0.182	-3.867E-2
10.811	1.108	-0.174	3.819E-3	-2.418E-4	-5.150E-2	-1.841E-2
10.827	1.108	-0.174	3.035E-3	3.312E-5	-0.145	3.866E-2
10.844	1.108	-0.174	-3.102E-4	9.758E-4	-0.112	6.650E-2
10.861	1.108	-0.174	-2.003E-3	2.357E-3	-7.826E-2	7.153E-2
10.878	1.108	-0.174	-1.660E-3	3.372E-3	-5.408E-3	-3.579E-3
10.894	1.108	-0.173	-2.924E-3	2.452E-3	-4.666E-3	-7.335E-2
10.911	1.108	-0.173	-1.665E-3	5.713E-4	0.131	-4.441E-2
10.928	1.108	-0.173	1.412E-3	8.747E-4	2.114E-2	9.940E-2
10.944	1.108	-0.173	-7.684E-6	3.906E-3	-8.427E-2	0.101
10.961	1.108	-0.173	-2.799E-3	4.912E-3	-3.027E-2	-5.702E-2
10.978	1.108	-0.173	-5.367E-4	1.661E-3	0.114	-5.141E-2
10.994	1.108	-0.173	1.313E-3	2.366E-3	9.631E-2	8.165E-2
11.011	1.108	-0.173	2.424E-3	5.442E-3	-5.072E-2	0.130
11.028	1.108	-0.173	2.388E-4	6.290E-3	-1.561E-2	-0.112
11.044	1.108	-0.173	4.685E-4	2.454E-3	-1.957E-2	-8.371E-2
11.061	1.108	-0.173	1.282E-3	1.645E-3	1.213E-2	-2.683E-2
11.078	1.108	-0.173	-3.850E-4	3.467E-3	-0.140	0.196
11.094	1.108	-0.173	-2.436E-3	6.488E-3	-0.175	0.149
11.111	1.108	-0.173	-6.880E-3	1.021E-2	-1.106	-0.206
11.128	1.108	-0.173	-3.554E-2	-5.997E-5	-1.216	-0.282
11.144	1.107	-0.173	-5.590E-2	-2.624E-3	-1.142	-0.156
11.161	1.106	-0.173	-6.555E-2	-1.288E-3	-0.652	-0.113
11.178	1.105	-0.173	-8.309E-2	-8.575E-3	4.738E-2	0.235
11.195	1.103	-0.173	-6.478E-2	4.589E-3	-1.084	0.195
11.211	1.103	-0.173	-0.105	4.692E-3	-1.592	0.148
11.228	1.100	-0.173	-0.141	1.392E-3	1.031	0.737
11.245	1.098	-0.173	-6.309E-2	3.208E-2	3.103	1.781
11.261	1.098	-0.172	-2.327E-2	6.285E-2	0.670	1.351
11.278	1.097	-0.170	-5.085E-2	7.744E-2	-1.172	0.741
11.295	1.096	-0.169	-6.395E-2	8.588E-2	0.576	0.455
11.311	1.095	-0.168	-3.412E-2	9.357E-2	1.654	0.485
11.328	1.095	-0.166	-6.657E-4	0.101	1.088	0.335
11.345	1.095	-0.164	-6.248E-4	0.106	-8.143E-2	0.397
11.361	1.095	-0.162	-4.751E-3	0.112	0.574	0.450
11.378	1.095	-0.160	1.577E-2	0.123	1.070	0.619
11.395	1.095	-0.158	3.709E-2	0.132	1.409	0.420
11.411	1.096	-0.156	5.695E-2	0.138	1.586	0.339
11.428	1.097	-0.154	9.327E-2	0.142	1.653	0.523
11.445	1.099	-0.151	0.113	0.155	1.099	0.585
11.461	1.101	-0.149	0.127	0.164	0.797	0.429
11.478	1.103	-0.146	0.142	0.167	1.054	0.150
11.495	1.106	-0.143	0.160	0.170	1.169	0.489
11.512	1.109	-0.140	0.183	0.181	1.138	0.513
11.528	1.112	-0.137	0.198	0.191	0.390	-8.780E-2
11.545	1.115	-0.134	0.197	0.177	-0.301	-0.745
11.562	1.118	-0.131	0.186	0.163	-1.009	-0.969
11.578	1.121	-0.128	0.165	0.148	-0.455	-0.974
11.595	1.124	-0.126	0.165	0.128	0.355	-1.028
11.612	1.127	-0.124	0.183	0.115	-0.107	-0.921
11.628	1.130	-0.122	0.163	9.801E-2	-0.183	-0.785
11.645	1.132	-0.121	0.166	8.685E-2	0.324	-0.469
11.662	1.136	-0.119	0.186	8.403E-2	0.489	-0.508
11.678	1.139	-0.118	0.177	7.091E-2	6.748E-2	-0.571
11.695	1.142	-0.117	0.187	6.192E-2	0.467	-0.535
11.712	1.145	-0.116	0.197	5.623E-2	0.520	-0.281
11.728	1.148	-0.115	0.201	4.993E-2	-6.691E-2	-0.593
11.745	1.152	-0.114	0.198	3.958E-2	0.572	-0.598
11.762	1.155	-0.114	0.213	2.664E-2	0.775	-0.619
11.778	1.159	-0.113	0.233	2.088E-2	0.171	-0.408
11.795	1.162	-0.113	0.216	1.250E-2	0.746	-0.151
11.812	1.166	-0.113	0.248	1.451E-2	1.016	-0.188
11.828	1.171	-0.113	0.268	9.970E-3	1.074	-0.293
11.845	1.175	-0.113	0.267	7.306E-4	0.275	-0.671
11.862	1.180	-0.113	0.288	-9.011E-3	0.877	-0.724
11.879	1.184	-0.113	0.291	-2.588E-2	-0.102	-0.754
11.895	1.189	-0.113	0.288	-3.399E-2	-2.544E-2	-0.706
11.912	1.194	-0.114	0.286	-4.758E-2	0.730	-0.657
11.929	1.199	-0.115	0.313	-5.886E-2	0.545	-0.618
11.945	1.204	-0.116	0.312	-6.557E-2	-0.165	-0.677
11.962	1.209	-0.117	0.297	-8.204E-2	-0.670	-0.919
11.979	1.214	-0.119	0.296	-9.724E-2	-0.184	-0.975
11.995	1.219	-0.120	0.288	-0.113	-0.300	-0.697
12.012	1.224	-0.123	0.287	-0.123	-0.819	-0.483
12.029	1.229	-0.125	0.263	-0.127	-1.234	-0.291
12.045	1.233	-0.127	0.240	-0.134	-1.381	-0.560
12.062	1.237	-0.129	0.223	-0.144	-1.246	-0.620
12.079	1.240	-0.132	0.195	-0.156	-1.666	-1.053
12.095	1.243	-0.134	0.168	-0.177	-1.421	-1.456
12.112	1.246	-0.137	0.146	-0.207	-3.376	-2.007
12.129	1.248	-0.141	6.623E-2	-0.242	-4.072	-2.213
12.145	1.248	-0.146	-9.340E-3	-0.282	-4.006	-2.324
12.162	1.248	-0.151	-5.201E-2	-0.319	-3.017	-1.938
12.179	1.246	-0.156	-0.117	-0.348	-3.690	-1.224
12.196	1.244	-0.162	-0.172	-0.360	2.031	4.267
12.212	1.241	-0.168	-7.298E-2	-0.224	5.714	8.635
12.229	1.241	-0.170	5.890E-2	-3.941E-2	5.555	7.173
12.246	1.242	-0.170	9.064E-2	8.574E-3	0.454	1.523
12.262	1.244	-0.169	8.661E-2	5.568E-3	-2.129	-4.743E-2
12.279	1.245	-0.169	1.203E-2	5.172E-3	-3.480	0.108
12.296	1.245	-0.169	-3.583E-2	1.055E-2	-1.192	0.196
12.312	1.244	-0.169	-2.586E-2	1.177E-2	0.794	-3.634E-2
12.329	1.244	-0.169	-4.568E-3	9.229E-3	0.989	-0.100
12.346	1.244	-0.169	5.590E-3	7.831E-3	0.356	0.141
12.362	1.244	-0.169	8.329E-3	1.367E-2	-0.488	0.245
12.379	1.244	-0.168	-9.817E-3	1.760E-2	-0.822	1.146E-2
12.396	1.244	-0.168	-2.360E-2	1.336E-2	-0.252	-5.998E-2
12.412	1.244	-0.168	-1.613E-2	1.437E-2	0.509	-0.110
12.429	1.243	-0.167	-6.030E-3	1.213E-2	0.502	-0.186
12.446	1.243	-0.167	8.638E-4	5.826E-3	5.465E-2	-0.258
12.462	1.243	-0.167	-3.334E-3	4.554E-3	1.807E-3	-9.233E-2
12.479	1.243	-0.167	-2.283E-3	2.543E-3	2.585E-2	-6.933E-2
12.496	1.243	-0.167	1.145E-3	2.111E-3	0.393	6.206E-2
12.513	1.243	-0.167	7.194E-3	4.557E-3	0.407	0.289
12.529	1.244	-0.167	1.807E-2	1.156E-2	0.173	0.140
12.546	1.244	-0.167	1.265E-2	1.111E-2	-0.397	-0.168
12.563	1.244	-0.167	3.366E-3	3.963E-3	-0.370	-0.167
12.579	1.244	-0.167	3.279E-4	5.366E-3	-0.150	-2.019E-2
12.596	1.244	-0.167	-1.002E-3	4.950E-3	3.449E-2	-0.176
12.613	1.244	-0.166	6.594E-4	-1.544E-3	0.164	-0.267
12.629	1.244	-0.167	5.282E-3	-4.301E-3	7.288E-2	-7.761E-2
12.646	1.244	-0.167	3.592E-3	-3.726E-3	-6.774E-2	6.390E-2
12.663	1.244	-0.167	1.654E-3	-2.232E-3	-6.917E-2	5.479E-2
12.679	1.244	-0.167	2.254E-3	-1.582E-3	0.205	1.343E-2
12.696	1.244	-0.167	7.259E-3	-2.059E-3	0.235	4.567E-2
12.713	1.244	-0.167	1.201E-2	-2.683E-4	-5.116E-2	4.026E-3
12.729	1.245	-0.167	5.257E-3	-1.026E-3	-0.113	2.938E-2
12.746	1.245	-0.167	5.856E-3	-7.045E-4	-0.161	7.144E-2
12.763	1.245	-0.167	3.724E-3	2.514E-3	-0.130	3.403E-2
12.779	1.245	-0.167	-2.161E-3	4.435E-4	-0.227	-9.423E-2
12.796	1.245	-0.167	-1.605E-3	-1.427E-3	-9.033E-2	1.478E-2
12.813	1.245	-0.167	-5.811E-3	1.130E-3	-5.185E-2	0.214
12.829	1.245	-0.167	-4.209E-3	5.858E-3	0.113	-3.371E-2
12.846	1.245	-0.167	-6.339E-4	1.486E-3	0.143	-5.175E-2
12.863	1.244	-0.167	-1.448E-4	8.202E-4	-4.009E-2	-1.398E-3
12.880	1.245	-0.167	-1.456E-3	4.639E-3	5.084E-2	9.701E-2
12.896	1.244	-0.167	3.355E-4	2.368E-3	-0.142	-8.155E-2
12.913	1.245	-0.166	-3.707E-3	2.407E-3	-0.131	9.036E-2
12.930	1.244	-0.166	-7.422E-3	4.877E-3	0.128	7.224E-2
12.946	1.244	-0.166	2.080E-3	5.881E-3	0.428	7.519E-2
12.963	1.244	-0.166	7.746E-3	6.209E-3	8.482E-2	-6.170E-2
12.980	1.245	-0.166	4.702E-3	5.106E-3	-0.187	-0.102
12.996	1.245	-0.166	6.285E-4	1.662E-3	-0.134	-0.128
13.013	1.245	-0.166	4.210E-4	1.225E-3	-6.662E-3	-2.190E-2
13.030	1.245	-0.166	6.988E-4	9.473E-4	-4.624E-4	2.225E-2
13.046	1.245	-0.166	2.816E-4	1.811E-3	-0.163	-5.078E-2
13.063	1.245	-0.166	-4.132E-3	-4.039E-5	-0.522	0.348
13.080	1.244	-0.166	-1.708E-2	1.055E-2	-1.064	0.133
13.096	1.244	-0.166	-3.956E-2	1.055E-2	-1.544	-5.410E-2
13.113	1.243	-0.166	-6.905E-2	2.253E-3	-0.527	-0.169
13.130	1.242	-0.166	-6.279E-2	8.171E-3	-1.946	-6.658E-2
13.146	1.241	-0.165	-0.115	6.952E-4	-2.275	-0.385
13.163	1.238	-0.166	-0.166	-7.208E-3	-1.561	-9.347E-2
13.180	1.235	-0.166	-0.149	-1.861E-3	-0.722	-2.870E-2
13.197	1.233	-0.166	-0.190	-5.545E-3	0.247	0.271
13.213	1.229	-0.166	-0.160	1.718E-3	2.970	1.489
13.230	1.228	-0.166	-7.043E-2	4.590E-2	3.619	2.137
13.247	1.227	-0.164	-4.229E-2	7.822E-2	0.972	1.385
13.263	1.226	-0.163	-3.962E-2	8.838E-2	-3.235E-2	0.286
13.280	1.225	-0.161	-4.433E-2	8.960E-2	-9.372E-2	0.182
13.297	1.225	-0.160	-4.362E-2	9.126E-2	0.203	0.279
13.313	1.224	-0.158	-3.677E-2	0.101	0.925	0.505
13.330	1.223	-0.157	-1.482E-2	0.108	0.925	0.158
13.347	1.224	-0.155	-5.856E-4	0.107	0.621	0.429
13.363	1.223	-0.153	1.263E-3	0.118	0.427	0.343
13.380	1.224	-0.151	1.486E-2	0.125	1.669	0.527
13.397	1.224	-0.149	5.380E-2	0.130	2.055	6.460E-2
13.413	1.225	-0.146	9.052E-2	0.133	1.617	6.678E-2
13.430	1.227	-0.144	0.104	0.127	0.760	0.181
13.447	1.229	-0.142	0.117	0.140	0.818	0.476
13.463	1.231	-0.140	0.130	0.146	1.146	0.310
13.480	1.233	-0.137	0.154	0.147	1.106	0.231
13.497	1.236	-0.135	0.170	0.155	1.500	0.770
13.514	1.239	-0.132	0.198	0.171	1.264	0.634
13.530	1.243	-0.129	0.221	0.180	1.044	0.132
13.547	1.246	-0.126	0.226	0.173	0.209	-0.283
13.564	1.250	-0.123	0.232	0.170	0.185	-0.426
13.580	1.254	-0.120	0.230	0.161	-0.439	-0.861
13.597	1.258	-0.118	0.220	0.140	-6.856	-1.179
13.614	1.261	-0.116	2.388E-2	0.121		
13.630	1.259	-0.114				
