	mass A			
t	x	y	r	
0.000	0.145	2.158E-2	0.147
0.017	0.145	2.156E-2	0.147
0.033	0.145	2.157E-2	0.147
0.050	0.145	2.157E-2	0.147
0.067	0.145	2.156E-2	0.147
0.083	0.145	2.156E-2	0.147
0.100	0.145	2.157E-2	0.147
0.117	0.145	2.157E-2	0.147
0.133	0.145	2.156E-2	0.147
0.150	0.145	2.156E-2	0.147
0.167	0.145	2.157E-2	0.147
0.184	0.145	2.158E-2	0.147
0.200	0.145	2.157E-2	0.147
0.217	0.145	2.157E-2	0.147
0.234	0.145	2.157E-2	0.147
0.250	0.145	2.157E-2	0.147
0.267	0.145	2.156E-2	0.147
0.284	0.145	2.155E-2	0.147
0.300	0.145	2.156E-2	0.147
0.317	0.145	2.156E-2	0.147
0.334	0.145	2.155E-2	0.147
0.350	0.145	2.155E-2	0.147
0.367	0.145	2.154E-2	0.147
0.384	0.145	2.155E-2	0.147
0.400	0.145	2.155E-2	0.147
0.417	0.145	2.156E-2	0.147
0.434	0.145	2.156E-2	0.147
0.450	0.143	2.186E-2	0.144
0.467	0.137	2.213E-2	0.138
0.484	0.131	2.280E-2	0.133
0.500	0.125	2.287E-2	0.127
0.517	0.120	2.267E-2	0.123
0.534	0.118	2.208E-2	0.120
0.551	0.117	2.175E-2	0.119
0.567	0.117	2.167E-2	0.119
0.584	0.114	2.159E-2	0.116
0.601	0.113	2.155E-2	0.115
0.617	0.112	2.162E-2	0.114
0.634	0.108	2.161E-2	0.111
0.651	0.108	2.150E-2	0.110
0.667	0.107	2.154E-2	0.109
0.684	0.107	2.155E-2	0.109
0.701	0.107	2.156E-2	0.109
0.717	0.108	2.155E-2	0.110
0.734	0.108	2.168E-2	0.110
0.751	0.108	2.193E-2	0.110
0.767	0.108	2.214E-2	0.111
0.784	0.109	2.223E-2	0.112
0.801	0.110	2.235E-2	0.112
0.817	0.110	2.249E-2	0.113
0.834	0.111	2.270E-2	0.113
0.851	0.111	2.290E-2	0.114
0.868	0.112	2.307E-2	0.115
0.884	0.113	2.350E-2	0.116
0.901	0.116	2.378E-2	0.118
0.918	0.118	2.437E-2	0.120
0.934	0.119	2.565E-2	0.122
0.951	0.119	2.747E-2	0.123
0.968	0.121	2.952E-2	0.124
0.984	0.122	3.181E-2	0.126
1.001	0.123	3.443E-2	0.128
1.018	0.125	3.741E-2	0.130
1.034	0.127	4.052E-2	0.133
1.051	0.129	4.417E-2	0.136
1.068	0.131	4.783E-2	0.139
1.084	0.134	5.189E-2	0.143
1.101	0.136	5.626E-2	0.147
1.118	0.139	6.071E-2	0.152
1.134	0.142	6.539E-2	0.156
1.151	0.145	7.026E-2	0.162
1.168	0.148	7.547E-2	0.166
1.185	0.151	8.043E-2	0.171
1.201	0.154	8.532E-2	0.176
1.218	0.158	8.975E-2	0.181
1.235	0.161	9.376E-2	0.186
1.251	0.164	9.760E-2	0.191
1.268	0.167	0.101	0.195
1.285	0.170	0.104	0.199
1.301	0.173	0.107	0.203
1.318	0.176	0.109	0.207
1.335	0.180	0.111	0.211
1.351	0.183	0.113	0.215
1.368	0.186	0.114	0.218
1.385	0.190	0.115	0.222
1.401	0.193	0.115	0.225
1.418	0.196	0.115	0.228
1.435	0.200	0.115	0.231
1.451	0.204	0.114	0.234
1.468	0.207	0.114	0.237
1.485	0.211	0.113	0.239
1.502	0.215	0.112	0.242
1.518	0.219	0.111	0.246
1.535	0.223	0.109	0.249
1.552	0.228	0.107	0.252
1.568	0.233	0.105	0.256
1.585	0.237	0.103	0.259
1.602	0.242	0.101	0.262
1.618	0.247	9.866E-2	0.266
1.635	0.252	9.602E-2	0.269
1.652	0.256	9.324E-2	0.273
1.668	0.260	9.043E-2	0.276
1.685	0.264	8.738E-2	0.278
1.702	0.268	8.393E-2	0.281
1.718	0.272	7.995E-2	0.283
1.735	0.275	7.509E-2	0.286
1.752	0.279	6.934E-2	0.287
1.768	0.281	6.307E-2	0.288
1.785	0.284	5.612E-2	0.290
1.802	0.286	4.894E-2	0.290
1.818	0.288	4.120E-2	0.291
1.835	0.289	3.355E-2	0.291
1.852	0.290	2.570E-2	0.291
1.869	0.290	2.342E-2	0.291
1.885	0.290	2.341E-2	0.291
1.902	0.291	2.358E-2	0.292
1.919	0.292	2.370E-2	0.293
1.935	0.292	2.387E-2	0.293
1.952	0.291	2.399E-2	0.292
1.969	0.291	2.424E-2	0.292
1.985	0.291	2.453E-2	0.292
2.002	0.292	2.447E-2	0.293
2.019	0.292	2.529E-2	0.293
2.035	0.292	2.553E-2	0.293
2.052	0.292	2.585E-2	0.293
2.069	0.293	2.616E-2	0.294
2.085	0.293	2.656E-2	0.294
2.102	0.293	2.676E-2	0.295
2.119	0.294	2.687E-2	0.295
2.135	0.294	2.715E-2	0.296
2.152	0.295	2.729E-2	0.296
2.169	0.295	2.755E-2	0.297
2.186	0.296	2.783E-2	0.297
2.202	0.297	2.796E-2	0.298
2.219	0.297	2.811E-2	0.299
2.236	0.298	2.825E-2	0.299
2.252	0.299	2.828E-2	0.300
2.269	0.299	2.831E-2	0.300
2.286	0.299	2.829E-2	0.300
2.302	0.299	2.815E-2	0.300
2.319	0.299	2.805E-2	0.300
2.336	0.299	2.795E-2	0.300
2.352	0.299	2.795E-2	0.301
2.369	0.299	2.793E-2	0.301
2.386	0.299	2.788E-2	0.301
2.402	0.299	2.787E-2	0.301
2.419	0.299	2.789E-2	0.301
2.436	0.299	2.784E-2	0.301
2.452	0.299	2.787E-2	0.301
2.469	0.299	2.789E-2	0.301
2.486	0.299	2.789E-2	0.301
2.502	0.300	2.791E-2	0.301
2.519	0.299	2.791E-2	0.301
2.536	0.300	2.793E-2	0.301
2.553	0.299	2.795E-2	0.301
2.569	0.299	2.796E-2	0.301
2.586	0.300	2.798E-2	0.301
2.603	0.300	2.799E-2	0.301
2.619	0.300	2.799E-2	0.301
2.636	0.300	2.796E-2	0.301
2.653	0.300	2.800E-2	0.301
2.669	0.300	2.805E-2	0.302
2.686	0.300	2.807E-2	0.302
2.703	0.301	2.805E-2	0.302
2.719	0.301	2.805E-2	0.302
2.736	0.301	2.809E-2	0.303
2.753	0.302	2.821E-2	0.303
2.769	0.302	2.852E-2	0.303
2.786	0.303	2.877E-2	0.304
2.803	0.304	2.885E-2	0.305
2.819	0.305	2.886E-2	0.306
2.836	0.306	2.869E-2	0.308
2.853	0.307	2.866E-2	0.309
2.870	0.308	2.913E-2	0.310
2.886	0.309	2.995E-2	0.310
2.903	0.309	3.130E-2	0.311
2.920	0.309	3.290E-2	0.311
2.936	0.309	3.515E-2	0.311
2.953	0.309	3.731E-2	0.311
2.970	0.309	3.942E-2	0.311
2.986	0.309	4.175E-2	0.312
3.003	0.310	4.423E-2	0.313
3.020	0.310	4.670E-2	0.313
3.036	0.311	4.915E-2	0.315
3.053	0.311	5.183E-2	0.316
3.070	0.312	5.444E-2	0.317
3.086	0.313	5.736E-2	0.318
3.103	0.314	6.031E-2	0.320
3.120	0.316	6.323E-2	0.322
3.136	0.317	6.645E-2	0.324
3.153	0.318	6.984E-2	0.326
3.170	0.320	7.343E-2	0.328
3.187	0.321	7.692E-2	0.330
3.203	0.323	8.060E-2	0.333
3.220	0.324	8.389E-2	0.335
3.237	0.326	8.675E-2	0.338
3.253	0.328	8.936E-2	0.340
3.270	0.329	9.130E-2	0.342
3.287	0.331	9.316E-2	0.344
3.303	0.333	9.457E-2	0.346
3.320	0.335	9.548E-2	0.348
3.337	0.337	9.621E-2	0.351
3.353	0.339	9.662E-2	0.352
3.370	0.341	9.672E-2	0.354
3.387	0.343	9.673E-2	0.356
3.403	0.345	9.647E-2	0.358
3.420	0.347	9.611E-2	0.360
3.437	0.349	9.544E-2	0.362
3.453	0.351	9.477E-2	0.364
3.470	0.354	9.392E-2	0.366
3.487	0.357	9.316E-2	0.369
3.503	0.360	9.199E-2	0.371
3.520	0.363	9.080E-2	0.374
3.537	0.366	8.988E-2	0.377
3.554	0.370	8.853E-2	0.380
3.570	0.374	8.727E-2	0.384
3.587	0.378	8.597E-2	0.388
3.604	0.382	8.461E-2	0.391
3.620	0.387	8.326E-2	0.395
3.637	0.391	8.163E-2	0.399
3.654	0.395	8.005E-2	0.403
3.670	0.399	7.829E-2	0.407
3.687	0.403	7.657E-2	0.410
3.704	0.407	7.446E-2	0.413
3.720	0.410	7.238E-2	0.417
3.737	0.414	6.996E-2	0.420
3.754	0.417	6.751E-2	0.422
3.770	0.420	6.431E-2	0.425
3.787	0.423	6.067E-2	0.427
3.804	0.425	5.578E-2	0.429
3.820	0.427	5.030E-2	0.430
3.837	0.428	4.410E-2	0.430
3.854	0.429	3.748E-2	0.431
3.871	0.430	3.059E-2	0.431
3.887	0.431	2.682E-2	0.432
3.904	0.431	2.651E-2	0.431
3.921	0.432	2.668E-2	0.433
3.937	0.434	2.677E-2	0.434
3.954	0.433	2.685E-2	0.434
3.971	0.433	2.686E-2	0.434
3.987	0.433	2.695E-2	0.434
4.004	0.433	2.707E-2	0.434
4.021	0.434	2.728E-2	0.435
4.037	0.434	2.743E-2	0.435
4.054	0.434	2.782E-2	0.435
4.071	0.434	2.808E-2	0.435
4.087	0.434	2.843E-2	0.435
4.104	0.435	2.860E-2	0.436
4.121	0.436	2.862E-2	0.436
4.137	0.436	2.867E-2	0.437
4.154	0.436	2.888E-2	0.437
4.171	0.437	2.902E-2	0.438
4.188	0.437	2.925E-2	0.438
4.204	0.438	2.940E-2	0.439
4.221	0.439	2.969E-2	0.440
4.238	0.440	2.986E-2	0.441
4.254	0.441	2.993E-2	0.442
4.271	0.442	2.993E-2	0.443
4.288	0.442	2.992E-2	0.443
4.304	0.443	2.992E-2	0.444
4.321	0.443	2.994E-2	0.444
4.338	0.443	2.995E-2	0.444
4.354	0.443	2.994E-2	0.444
4.371	0.443	2.993E-2	0.444
4.388	0.443	2.991E-2	0.444
4.404	0.443	2.988E-2	0.444
4.421	0.443	2.990E-2	0.444
4.438	0.443	2.991E-2	0.444
4.454	0.444	2.990E-2	0.445
4.471	0.444	2.995E-2	0.445
4.488	0.444	2.999E-2	0.445
4.505	0.444	3.003E-2	0.445
4.521	0.444	3.005E-2	0.445
4.538	0.444	3.007E-2	0.445
4.555	0.444	3.016E-2	0.445
4.571	0.444	3.020E-2	0.445
4.588	0.444	3.019E-2	0.446
4.605	0.445	3.023E-2	0.446
4.621	0.445	3.026E-2	0.446
4.638	0.445	3.024E-2	0.446
4.655	0.445	3.022E-2	0.446
4.671	0.445	3.020E-2	0.446
4.688	0.445	3.018E-2	0.446
4.705	0.445	3.016E-2	0.447
4.721	0.446	3.011E-2	0.447
4.738	0.446	3.012E-2	0.447
4.755	0.446	2.934E-2	0.447
4.771	0.446	2.933E-2	0.447
4.788	0.446	2.951E-2	0.447
4.805	0.447	2.955E-2	0.448
4.821	0.448	2.975E-2	0.449
4.838	0.448	2.950E-2	0.449
4.855	0.448	2.983E-2	0.449
4.872	0.449	2.992E-2	0.450
4.888	0.449	3.055E-2	0.450
4.905	0.449	3.160E-2	0.450
4.922	0.448	3.306E-2	0.449
4.938	0.447	3.496E-2	0.449
4.955	0.447	3.666E-2	0.448
4.972	0.446	3.873E-2	0.448
4.988	0.446	4.082E-2	0.448
5.005	0.446	4.333E-2	0.448
5.022	0.446	4.569E-2	0.448
5.038	0.446	4.825E-2	0.449
5.055	0.447	5.098E-2	0.450
5.072	0.447	5.373E-2	0.451
5.088	0.448	5.679E-2	0.452
5.105	0.450	5.982E-2	0.454
5.122	0.451	6.303E-2	0.455
5.138	0.452	6.638E-2	0.457
5.155	0.454	6.971E-2	0.460
5.172	0.456	7.297E-2	0.462
5.189	0.459	7.575E-2	0.465
5.205	0.461	7.834E-2	0.467
5.222	0.463	8.063E-2	0.469
5.239	0.465	8.274E-2	0.472
5.255	0.467	8.460E-2	0.475
5.272	0.469	8.652E-2	0.477
5.289	0.471	8.837E-2	0.480
5.305	0.474	8.997E-2	0.482
5.322	0.476	9.131E-2	0.485
5.339	0.479	9.250E-2	0.488
5.355	0.482	9.342E-2	0.491
5.372	0.484	9.411E-2	0.493
5.389	0.487	9.459E-2	0.496
5.405	0.490	9.510E-2	0.499
5.422	0.493	9.554E-2	0.502
5.439	0.496	9.570E-2	0.505
5.455	0.500	9.577E-2	0.509
5.472	0.503	9.585E-2	0.512
5.489	0.507	9.561E-2	0.516
5.505	0.511	9.516E-2	0.520
5.522	0.516	9.460E-2	0.524
5.539	0.520	9.381E-2	0.528
5.556	0.524	9.276E-2	0.532
5.572	0.529	9.151E-2	0.537
5.589	0.533	9.018E-2	0.541
5.606	0.538	8.847E-2	0.545
5.622	0.543	8.669E-2	0.550
5.639	0.548	8.456E-2	0.554
5.656	0.552	8.217E-2	0.558
5.672	0.557	7.946E-2	0.562
5.689	0.561	7.702E-2	0.566
5.706	0.565	7.436E-2	0.570
5.722	0.569	7.145E-2	0.573
5.739	0.573	6.837E-2	0.577
5.756	0.576	6.518E-2	0.580
5.772	0.579	6.149E-2	0.582
5.789	0.582	5.719E-2	0.585
5.806	0.584	5.203E-2	0.586
5.822	0.585	4.639E-2	0.587
5.839	0.586	4.018E-2	0.588
5.856	0.587	3.374E-2	0.588
5.873	0.587	2.963E-2	0.588
5.889	0.588	2.939E-2	0.588
5.906	0.589	2.942E-2	0.590
5.923	0.590	2.963E-2	0.591
5.939	0.590	2.970E-2	0.591
5.956	0.590	2.995E-2	0.590
5.973	0.590	3.010E-2	0.590
5.989	0.590	3.027E-2	0.591
6.006	0.590	3.053E-2	0.591
6.023	0.591	3.071E-2	0.591
6.039	0.591	3.107E-2	0.591
6.056	0.591	3.140E-2	0.592
6.073	0.591	3.164E-2	0.592
6.089	0.591	3.192E-2	0.592
6.106	0.592	3.206E-2	0.593
6.123	0.592	3.209E-2	0.593
6.139	0.593	3.223E-2	0.593
6.156	0.593	3.231E-2	0.594
6.173	0.594	3.255E-2	0.594
6.190	0.594	3.271E-2	0.595
6.206	0.595	3.276E-2	0.596
6.223	0.596	3.288E-2	0.596
6.240	0.596	3.300E-2	0.597
6.256	0.597	3.237E-2	0.598
6.273	0.597	3.235E-2	0.598
6.290	0.597	3.234E-2	0.598
6.306	0.597	3.238E-2	0.598
6.323	0.597	3.234E-2	0.598
6.340	0.598	3.229E-2	0.598
6.356	0.598	3.220E-2	0.599
6.373	0.598	3.218E-2	0.599
6.390	0.598	3.215E-2	0.599
6.406	0.598	3.219E-2	0.599
6.423	0.598	3.219E-2	0.599
6.440	0.598	3.222E-2	0.599
6.456	0.598	3.225E-2	0.599
6.473	0.598	3.228E-2	0.599
6.490	0.598	3.230E-2	0.599
6.506	0.599	3.232E-2	0.599
6.523	0.599	3.236E-2	0.599
6.540	0.599	3.241E-2	0.599
6.557	0.599	3.255E-2	0.599
6.573	0.599	3.257E-2	0.600
6.590	0.599	3.267E-2	0.600
6.607	0.599	3.259E-2	0.600
6.623	0.599	3.274E-2	0.600
6.640	0.600	3.284E-2	0.600
6.657	0.600	3.297E-2	0.600
6.673	0.600	3.307E-2	0.600
6.690	0.600	3.309E-2	0.601
6.707	0.600	3.307E-2	0.601
6.723	0.600	3.320E-2	0.601
6.740	0.599	3.329E-2	0.600
6.757	0.599	3.321E-2	0.600
6.773	0.598	3.300E-2	0.599
6.790	0.598	3.329E-2	0.599
6.807	0.599	3.350E-2	0.600
6.823	0.599	3.309E-2	0.600
6.840	0.599	3.326E-2	0.600
6.857	0.599	3.356E-2	0.600
6.874	0.599	3.371E-2	0.600
6.890	0.598	3.414E-2	0.599
6.907	0.598	3.502E-2	0.599
6.924	0.597	3.639E-2	0.598
6.940	0.596	3.790E-2	0.597
6.957	0.595	3.974E-2	0.597
6.974	0.595	4.142E-2	0.597
6.990	0.595	4.309E-2	0.597
7.007	0.596	4.474E-2	0.597
7.024	0.596	4.648E-2	0.598
7.040	0.596	4.835E-2	0.598
7.057	0.597	5.044E-2	0.599
7.074	0.597	5.258E-2	0.600
7.090	0.598	5.464E-2	0.601
7.107	0.599	5.686E-2	0.602
7.124	0.600	5.912E-2	0.603
7.140	0.602	6.153E-2	0.605
7.157	0.603	6.403E-2	0.607
7.174	0.605	6.674E-2	0.609
7.191	0.607	6.955E-2	0.611
7.207	0.609	7.262E-2	0.613
7.224	0.610	7.578E-2	0.615
7.241	0.613	7.893E-2	0.618
7.257	0.615	8.221E-2	0.620
7.274	0.617	8.539E-2	0.623
7.291	0.619	8.837E-2	0.625
7.307	0.621	9.073E-2	0.628
7.324	0.623	9.282E-2	0.630
7.341	0.626	9.441E-2	0.633
7.357	0.628	9.556E-2	0.635
7.374	0.630	9.631E-2	0.637
7.391	0.632	9.660E-2	0.639
7.407	0.634	9.694E-2	0.642
7.424	0.637	9.705E-2	0.644
7.441	0.639	9.708E-2	0.647
7.457	0.642	9.714E-2	0.649
7.474	0.645	9.707E-2	0.652
7.491	0.648	9.674E-2	0.655
7.508	0.651	9.604E-2	0.658
7.524	0.655	9.516E-2	0.662
7.541	0.659	9.420E-2	0.665
7.558	0.662	9.319E-2	0.669
7.574	0.666	9.215E-2	0.673
7.591	0.670	9.095E-2	0.677
7.608	0.675	8.951E-2	0.681
7.624	0.679	8.822E-2	0.685
7.641	0.683	8.659E-2	0.689
7.658	0.688	8.487E-2	0.693
7.674	0.692	8.290E-2	0.697
7.691	0.696	8.111E-2	0.701
7.708	0.700	7.889E-2	0.705
7.724	0.704	7.688E-2	0.708
7.741	0.707	7.437E-2	0.711
7.758	0.711	7.197E-2	0.715
7.774	0.714	6.866E-2	0.717
7.791	0.716	6.482E-2	0.719
7.808	0.718	5.993E-2	0.720
7.824	0.719	5.439E-2	0.721
7.841	0.719	4.825E-2	0.721
7.858	0.719	4.179E-2	0.720
7.875	0.719	3.506E-2	0.719
7.891	0.719	3.212E-2	0.720
7.908	0.719	3.183E-2	0.720
7.925	0.721	3.219E-2	0.722
7.941	0.722	3.232E-2	0.723
7.958	0.722	3.237E-2	0.723
7.975	0.721	3.249E-2	0.722
7.991	0.721	3.264E-2	0.722
8.008	0.722	3.283E-2	0.722
8.025	0.722	3.305E-2	0.723
8.041	0.722	3.324E-2	0.723
8.058	0.722	3.352E-2	0.723
8.075	0.722	3.382E-2	0.723
8.091	0.723	3.414E-2	0.723
8.108	0.723	3.435E-2	0.724
8.125	0.723	3.450E-2	0.724
8.141	0.724	3.450E-2	0.725
8.158	0.724	3.474E-2	0.725
8.175	0.725	3.497E-2	0.725
8.192	0.725	3.518E-2	0.726
8.208	0.726	3.543E-2	0.726
8.225	0.726	3.563E-2	0.727
8.242	0.726	3.576E-2	0.727
8.258	0.727	3.582E-2	0.728
8.275	0.727	3.582E-2	0.728
8.292	0.727	3.593E-2	0.728
8.308	0.728	3.580E-2	0.729
8.325	0.728	3.571E-2	0.729
8.342	0.728	3.572E-2	0.729
8.358	0.728	3.564E-2	0.729
8.375	0.729	3.561E-2	0.729
8.392	0.729	3.560E-2	0.730
8.408	0.729	3.557E-2	0.730
8.425	0.729	3.559E-2	0.730
8.442	0.729	3.557E-2	0.730
8.458	0.729	3.560E-2	0.730
8.475	0.730	3.563E-2	0.730
8.492	0.730	3.564E-2	0.731
8.508	0.730	3.568E-2	0.731
8.525	0.730	3.570E-2	0.731
8.542	0.730	3.571E-2	0.731
8.559	0.730	3.574E-2	0.731
8.575	0.730	3.578E-2	0.731
8.592	0.730	3.580E-2	0.731
8.609	0.730	3.583E-2	0.731
8.625	0.730	3.582E-2	0.731
8.642	0.730	3.581E-2	0.731
8.659	0.730	3.581E-2	0.731
8.675	0.730	3.584E-2	0.731
8.692	0.730	3.589E-2	0.731
8.709	0.730	3.599E-2	0.731
8.725	0.730	3.591E-2	0.731
8.742	0.731	3.592E-2	0.731
8.759	0.730	3.598E-2	0.731
8.775	0.730	3.597E-2	0.731
8.792	0.731	3.623E-2	0.732
8.809	0.731	3.630E-2	0.732
8.825	0.731	3.622E-2	0.732
8.842	0.731	3.641E-2	0.732
8.859	0.730	3.625E-2	0.731
8.876	0.729	3.606E-2	0.730
8.892	0.729	3.640E-2	0.730
8.909	0.728	3.755E-2	0.729
8.926	0.728	3.901E-2	0.729
8.942	0.728	4.079E-2	0.729
8.959	0.728	4.272E-2	0.729
8.976	0.728	4.452E-2	0.729
8.992	0.728	4.634E-2	0.729
9.009	0.728	4.834E-2	0.729
9.026	0.728	5.061E-2	0.730
9.042	0.729	5.268E-2	0.731
9.059	0.729	5.501E-2	0.731
9.076	0.730	5.736E-2	0.732
9.092	0.731	5.979E-2	0.733
9.109	0.732	6.218E-2	0.735
9.126	0.733	6.485E-2	0.736
9.142	0.735	6.759E-2	0.738
9.159	0.738	7.069E-2	0.741
9.176	0.740	7.392E-2	0.743
9.193	0.742	7.730E-2	0.746
9.209	0.744	8.083E-2	0.749
9.226	0.747	8.413E-2	0.752
9.243	0.749	8.723E-2	0.754
9.259	0.751	8.989E-2	0.757
9.276	0.754	9.188E-2	0.759
9.293	0.756	9.373E-2	0.762
9.309	0.758	9.510E-2	0.764
9.326	0.760	9.621E-2	0.766
9.343	0.762	9.728E-2	0.769
9.359	0.765	9.775E-2	0.771
9.376	0.767	9.851E-2	0.774
9.393	0.770	9.899E-2	0.776
9.409	0.773	9.923E-2	0.779
9.426	0.775	9.937E-2	0.781
9.443	0.778	9.923E-2	0.784
9.459	0.781	9.895E-2	0.788
9.476	0.784	9.850E-2	0.790
9.493	0.788	9.812E-2	0.794
9.509	0.792	9.755E-2	0.798
9.526	0.796	9.693E-2	0.802
9.543	0.801	9.614E-2	0.807
9.560	0.805	9.493E-2	0.811
9.576	0.809	9.375E-2	0.815
9.593	0.814	9.232E-2	0.819
9.610	0.819	9.094E-2	0.825
9.626	0.825	8.928E-2	0.829
9.643	0.830	8.754E-2	0.835
9.660	0.835	8.558E-2	0.839
9.676	0.840	8.344E-2	0.845
9.693	0.845	8.104E-2	0.849
9.710	0.849	7.833E-2	0.853
9.726	0.854	7.557E-2	0.857
9.743	0.858	7.256E-2	0.861
9.760	0.861	6.964E-2	0.864
9.776	0.865	6.663E-2	0.868
9.793	0.868	6.354E-2	0.871
9.810	0.871	5.958E-2	0.873
9.826	0.873	5.513E-2	0.875
9.843	0.874	4.978E-2	0.875
9.860	0.874	4.379E-2	0.875
9.877	0.873	3.721E-2	0.873
9.893	0.874	3.571E-2	0.875
9.910	0.876	3.563E-2	0.877
9.927	0.877	3.591E-2	0.877
9.943	0.877	3.594E-2	0.878
9.960	0.877	3.613E-2	0.877
9.977	0.876	3.629E-2	0.877
9.993	0.876	3.648E-2	0.877
10.010	0.877	3.670E-2	0.877
10.027	0.877	3.690E-2	0.878
10.043	0.876	3.721E-2	0.877
10.060	0.876	3.758E-2	0.877
10.077	0.876	3.792E-2	0.877
10.093	0.876	3.821E-2	0.877
10.110	0.876	3.853E-2	0.877
10.127	0.876	3.869E-2	0.877
10.143	0.877	3.884E-2	0.878
10.160	0.877	3.914E-2	0.878
10.177	0.877	3.922E-2	0.878
10.194	0.878	3.936E-2	0.878
10.210	0.878	3.958E-2	0.879
10.227	0.878	3.968E-2	0.879
10.244	0.879	3.973E-2	0.879
10.260	0.879	3.980E-2	0.880
10.277	0.879	3.982E-2	0.880
10.294	0.879	3.981E-2	0.880
10.310	0.880	3.979E-2	0.880
10.327	0.880	3.974E-2	0.881
10.344	0.880	3.970E-2	0.881
10.360	0.880	3.966E-2	0.881
10.377	0.881	3.965E-2	0.882
10.394	0.881	3.959E-2	0.882
10.410	0.881	3.957E-2	0.882
10.427	0.881	3.955E-2	0.882
10.444	0.882	3.956E-2	0.883
10.460	0.882	3.959E-2	0.883
10.477	0.882	3.973E-2	0.883
10.494	0.882	3.976E-2	0.883
10.511	0.882	3.983E-2	0.883
10.527	0.882	3.984E-2	0.883
10.544	0.882	3.986E-2	0.883
10.561	0.882	3.986E-2	0.883
10.577	0.882	3.991E-2	0.883
10.594	0.882	3.994E-2	0.883
10.611	0.883	4.016E-2	0.884
10.627	0.883	4.031E-2	0.884
10.644	0.883	4.040E-2	0.884
10.661	0.883	4.045E-2	0.884
10.677	0.883	4.052E-2	0.884
10.694	0.883	4.059E-2	0.884
10.711	0.882	4.066E-2	0.883
10.727	0.882	4.062E-2	0.883
10.744	0.880	4.054E-2	0.881
10.761	0.879	4.058E-2	0.880
10.777	0.878	4.064E-2	0.878
10.794	0.876	4.040E-2	0.877
10.811	0.875	4.051E-2	0.876
10.827	0.874	4.066E-2	0.875
10.844	0.873	4.059E-2	0.874
10.861	0.873	4.046E-2	0.873
10.878	0.872	4.030E-2	0.873
10.894	0.871	4.029E-2	0.872
10.911	0.868	4.036E-2	0.869
10.928	0.866	4.072E-2	0.867
10.944	0.865	4.154E-2	0.866
10.961	0.864	4.312E-2	0.865
10.978	0.864	4.482E-2	0.865
10.994	0.863	4.631E-2	0.864
11.011	0.863	4.795E-2	0.864
11.028	0.863	4.983E-2	0.865
11.044	0.863	5.175E-2	0.865
11.061	0.863	5.379E-2	0.865
11.078	0.864	5.601E-2	0.866
11.094	0.865	5.816E-2	0.867
11.111	0.867	6.051E-2	0.869
11.128	0.868	6.290E-2	0.870
11.144	0.870	6.548E-2	0.873
11.161	0.873	6.827E-2	0.875
11.178	0.875	7.118E-2	0.878
11.195	0.878	7.433E-2	0.882
11.211	0.881	7.746E-2	0.885
11.228	0.885	8.078E-2	0.889
11.245	0.888	8.431E-2	0.892
11.261	0.891	8.779E-2	0.896
11.278	0.896	9.118E-2	0.900
11.295	0.900	9.428E-2	0.904
11.311	0.903	9.724E-2	0.908
11.328	0.907	9.984E-2	0.913
11.345	0.911	0.102	0.916
11.361	0.915	0.104	0.921
11.378	0.919	0.107	0.925
11.395	0.924	0.108	0.930
11.411	0.928	0.110	0.935
11.428	0.932	0.112	0.939
11.445	0.937	0.113	0.944
11.461	0.942	0.114	0.948
11.478	0.947	0.115	0.954
11.495	0.951	0.115	0.958
11.511	0.957	0.115	0.964
11.528	0.962	0.114	0.968
11.545	0.967	0.113	0.974
11.562	0.972	0.112	0.979
11.578	0.978	0.111	0.984
11.595	0.983	0.109	0.989
11.612	0.988	0.107	0.994
11.628	0.995	0.104	1.000
11.645	1.000	0.102	1.005
11.662	1.006	9.892E-2	1.010
11.678	1.010	9.576E-2	1.015
11.695	1.015	9.234E-2	1.019
11.712	1.019	8.898E-2	1.023
11.728	1.022	8.505E-2	1.026
11.745	1.026	8.143E-2	1.030
11.762	1.030	7.753E-2	1.032
11.778	1.033	7.350E-2	1.036
11.795	1.035	6.943E-2	1.038
11.812	1.037	6.488E-2	1.039
11.828	1.038	6.012E-2	1.040
11.845	1.039	5.460E-2	1.040
11.862	1.038	4.848E-2	1.039
11.879	1.036	4.386E-2	1.037
11.895	1.038	4.373E-2	1.039
11.912	1.042	4.365E-2	1.043
11.929	1.042	4.388E-2	1.043
11.945	1.042	4.393E-2	1.043
11.962	1.040	4.409E-2	1.041
11.979	1.041	4.443E-2	1.042
11.995	1.041	4.458E-2	1.042
12.012	1.041	4.496E-2	1.042
12.029	1.041	4.517E-2	1.042
12.045	1.040	4.563E-2	1.041
12.062	1.039	4.587E-2	1.040
12.079	1.039	4.630E-2	1.040
12.095	1.039	4.652E-2	1.040
12.112	1.038	4.676E-2	1.040
12.129	1.039	4.675E-2	1.040
12.145	1.039	4.670E-2	1.040
12.162	1.039	4.668E-2	1.040
12.179	1.039	4.675E-2	1.040
12.196	1.039	4.667E-2	1.040
12.212	1.039	4.690E-2	1.040
12.229	1.039	4.703E-2	1.040
12.246	1.039	4.725E-2	1.040
12.262	1.039	4.725E-2	1.040
12.279	1.039	4.733E-2	1.040
12.296	1.039	4.735E-2	1.041
12.312	1.040	4.730E-2	1.041
12.329	1.040	4.728E-2	1.041
12.346	1.040	4.726E-2	1.041
12.362	1.040	4.718E-2	1.041
12.379	1.041	4.714E-2	1.042
12.396	1.041	4.716E-2	1.042
12.412	1.041	4.722E-2	1.042
12.429	1.041	4.718E-2	1.043
12.446	1.042	4.720E-2	1.043
12.462	1.042	4.715E-2	1.043
12.479	1.042	4.726E-2	1.043
12.496	1.042	4.729E-2	1.043
12.512	1.042	4.743E-2	1.043
12.529	1.042	4.748E-2	1.043
12.546	1.042	4.745E-2	1.043
12.563	1.042	4.749E-2	1.043
12.579	1.042	4.757E-2	1.043
12.596	1.042	4.775E-2	1.043
12.613	1.042	4.796E-2	1.043
12.629	1.042	4.797E-2	1.043
12.646	1.042	4.801E-2	1.043
12.663	1.042	4.803E-2	1.043
12.679	1.042	4.804E-2	1.043
12.696	1.042	4.805E-2	1.043
12.713	1.042	4.809E-2	1.043
12.729	1.042	4.808E-2	1.043
12.746	1.041	4.845E-2	1.042
12.763	1.039	4.862E-2	1.040
12.779	1.036	4.844E-2	1.038
12.796	1.034	4.847E-2	1.036
12.813	1.032	4.845E-2	1.033
12.829	1.030	4.848E-2	1.031
12.846	1.029	4.844E-2	1.030
12.863	1.026	4.835E-2	1.027
12.880	1.026	4.847E-2	1.027
12.896	1.024	4.859E-2	1.025
12.913	1.020	4.859E-2	1.022
12.930	1.018	4.913E-2	1.019
12.946	1.017	5.000E-2	1.019
12.963	1.017	5.165E-2	1.018
12.980	1.015	5.323E-2	1.017
12.996	1.015	5.452E-2	1.016
13.013	1.014	5.599E-2	1.015
13.030	1.014	5.775E-2	1.015
13.046	1.014	5.951E-2	1.015
13.063	1.014	6.125E-2	1.016
13.080	1.014	6.337E-2	1.016
13.096	1.015	6.546E-2	1.017
13.113	1.017	6.751E-2	1.019
13.130	1.018	6.988E-2	1.021
13.146	1.020	7.237E-2	1.023
13.163	1.023	7.502E-2	1.026
13.180	1.026	7.772E-2	1.029
13.197	1.030	8.090E-2	1.033
13.213	1.033	8.403E-2	1.037
13.230	1.038	8.739E-2	1.041
13.247	1.042	9.087E-2	1.046
13.263	1.046	9.437E-2	1.050
13.280	1.051	9.762E-2	1.055
13.297	1.055	0.101	1.060
13.313	1.060	0.103	1.065
13.330	1.063	0.106	1.069
13.347	1.068	0.108	1.073
13.363	1.073	0.110	1.078
13.380	1.078	0.113	1.084
13.397	1.083	0.115	1.089
13.413	1.088	0.116	1.094
13.430	1.093	0.118	1.099
13.447	1.098	0.118	1.104
13.463	1.103	0.119	1.110
13.480	1.108	0.120	1.115
13.497	1.114	0.120	1.120
